	Selection	View	Channel	Begin Time (s)	End Time (s)	Low Freq (Hz)	High Freq (Hz)	Type
0	1	Spectrogram 1	1	592.174296728	592.358586082	158.3	791.5	POS
1	2	Spectrogram 1	1	593.028729188	593.187888176	126.6	759.9	POS
2	3	Spectrogram 1	1	593.749133028	593.941799171	126.6	775.7	POS
3	4	Spectrogram 1	1	594.486290445	596.035996379	174.1	1393.1	POS
4	5	Spectrogram 1	1	596.505096553	596.664255541	158.3	728.2	POS
5	6	Spectrogram 1	1	597.38465938	597.568948735	126.6	696.6	POS
6	7	Spectrogram 1	1	598.172077531	598.314482941	285.0	839.0	POS
7	8	Spectrogram 1	1	604.055912086	604.617156937	197.9	712.4	POS
8	9	Spectrogram 1	1	605.647501963	605.806660951	174.1	680.7	POS
9	10	Spectrogram 1	1	606.535441579	608.17729219	102.9	799.5	POS
10	12	Spectrogram 1	1	615.920773866	616.121816798	182.1	926.1	POS
11	13	Spectrogram 1	1	613.968982068	614.681009119	245.4	949.8	POS
12	14	Spectrogram 1	1	612.402522557	612.645449433	134.6	1124.0	POS
13	15	Spectrogram 1	1	613.072665663	613.24020144	150.4	1424.8	POS
14	16	Spectrogram 1	1	609.680066187	610.031891318	79.2	1044.8	POS
15	17	Spectrogram 1	1	610.149166361	611.858031283	118.7	1036.9	POS
16	18	Spectrogram 1	1	1.223011169	1.725618499	39.6	554.1	POS
17	19	Spectrogram 1	1	5.537057417	6.860590052	269.1	728.2	POS
18	20	Spectrogram 1	1	4.044352201	4.438061276	1595.3	2093.9	POS
19	21	Spectrogram 1	1	10.172750436	12.660656719	182.1	997.3	POS
20	22	Spectrogram 1	1	13.272162304	13.51508918	221.6	949.8	POS
21	23	Spectrogram 1	1	14.319260908	14.922389703	237.5	870.7	POS
22	24	Spectrogram 1	1	8.920465985	9.181090489	245.4	815.3	POS
23	25	Spectrogram 1	1	15.566335305	15.81391844	246.3	996.3	POS
24	26	Spectrogram 1	1	18.731093633	18.892560895	167.9	738.8	POS
25	27	Spectrogram 1	1	19.377853966	19.550085711	156.7	750.0	POS
26	28	Spectrogram 1	1	20.239012694	20.443537892	167.9	850.7	POS
27	29	Spectrogram 1	1	21.207816264	21.369283526	179.1	850.7	POS
28	30	Spectrogram 1	1	22.133561897	22.370380548	179.1	817.2	POS
29	31	Spectrogram 1	1	23.758998997	23.931230743	123.1	850.7	POS
30	32	Spectrogram 1	1	25.072266058	25.276791257	167.9	873.1	POS
31	33	Spectrogram 1	1	26.590058318	26.869934904	156.7	783.6	POS
32	34	Spectrogram 1	1	32.210010308	32.349948601	22.4	716.4	POS
33	35	Spectrogram 1	1	32.758998997	32.941995227	111.9	738.8	POS
34	36	Spectrogram 1	1	35.67617419	35.880699388	123.1	1735.1	POS
35	37	Spectrogram 1	1	36.655742244	36.838738474	145.5	917.9	POS
36	38	Spectrogram 1	1	37.668495037	37.916078171	111.9	962.7	POS
37	39	Spectrogram 1	1	38.22824821	38.744943447	190.3	985.1	POS
38	40	Spectrogram 1	1	38.992526582	39.240109716	111.9	716.4	POS
39	41	Spectrogram 1	1	40.015152572	40.63949265	223.9	917.9	POS
40	42	Spectrogram 1	1	46.367089482	47.303599599	67.2	929.1	POS
41	43	Spectrogram 1	1	53.181007922	53.320946215	212.7	794.8	POS
42	44	Spectrogram 1	1	68.931230743	69.124991457	145.5	1186.6	POS
43	45	Spectrogram 1	1	89.396297604	89.590058318	134.3	806.0	POS
44	46	Spectrogram 1	1	90.290641071	90.505930753	145.5	761.2	POS
45	47	Spectrogram 1	1	94.736373007	94.887075785	212.7	828.4	POS
46	48	Spectrogram 1	1	96.168049393	96.404868044	201.5	985.1	POS
47	49	Spectrogram 1	1	91.351066071	92.728920037	58.0	1000.0	POS
48	50	Spectrogram 1	1	93.127205949	93.407082536	130.4	826.1	POS
49	51	Spectrogram 1	1	93.8376619	94.44047301	130.4	826.1	POS
50	52	Spectrogram 1	1	96.690250189	97.831285504	144.9	1405.8	POS
51	53	Spectrogram 1	1	98.412567646	98.617092844	202.9	1087.0	POS
52	54	Spectrogram 1	1	99.833479548	99.994946809	144.9	1188.4	POS
53	55	Spectrogram 1	1	100.371703753	100.554699983	144.9	884.1	POS
54	56	Spectrogram 1	1	101.298340673	101.481336903	159.4	1101.4	POS
55	57	Spectrogram 1	1	102.923777773	103.085245035	260.9	855.1	POS
56	58	Spectrogram 1	1	103.946403763	104.086342057	188.4	724.6	POS
57	59	Spectrogram 1	1	105.044381142	105.227377372	144.9	840.6	POS
58	60	Spectrogram 1	1	105.894775387	106.120829553	130.4	855.1	POS
59	61	Spectrogram 1	1	108.381371215	108.542838477	29.0	652.2	POS
60	62	Spectrogram 1	1	109.070298198	109.23176546	72.5	710.1	POS
61	63	Spectrogram 1	1	110.126108927	110.384456546	115.9	1029.0	POS
62	64	Spectrogram 1	1	111.148734917	111.256379758	217.4	913.0	POS
63	65	Spectrogram 1	1	121.505059915	121.709585113	0.0	405.8	POS
64	66	Spectrogram 1	1	134.692444232	135.015378756	130.4	942.0	POS
65	67	Spectrogram 1	1	137.492101387	137.782742458	130.4	797.1	POS
66	68	Spectrogram 1	1	139.548117851	139.720349597	87.0	1144.9	POS
67	69	Spectrogram 1	1	143.100397607	143.304922805	115.9	768.1	POS
68	70	Spectrogram 1	1	143.670915264	143.853911494	144.9	739.1	POS
69	71	Spectrogram 1	1	144.44595812	144.779657127	144.9	797.1	POS
70	72	Spectrogram 1	1	145.608522404	145.813047602	87.0	782.6	POS
71	73	Spectrogram 1	1	146.470572418	146.707391069	202.9	768.1	POS
72	74	Spectrogram 1	1	151.852814472	152.014281734	376.8	768.1	POS
73	75	Spectrogram 1	1	154.156414071	154.328645817	115.9	724.6	POS
74	76	Spectrogram 1	1	154.726931729	154.823812086	58.0	855.1	POS
75	77	Spectrogram 1	1	0.452108333	0.667398015	425.7	1216.2	POS
76	80	Spectrogram 1	1	27.161467262	27.495166269	445.9	1114.9	POS
77	81	Spectrogram 1	1	155.43749364	155.598960902	81.1	831.1	POS
78	82	Spectrogram 1	1	155.975717846	156.147949591	182.4	932.4	POS
79	83	Spectrogram 1	1	157.708799787	157.891796017	344.6	1094.6	POS
80	84	Spectrogram 1	1	158.247023992	158.494607127	141.9	810.8	POS
81	85	Spectrogram 1	1	159.011302364	159.215827562	81.1	729.7	POS
82	86	Spectrogram 1	1	160.293167259	160.476163489	81.1	851.4	POS
83	87	Spectrogram 1	1	163.511748007	165.847641058	162.2	1317.6	POS
84	88	Spectrogram 1	1	166.805680144	167.010205342	20.3	810.8	POS
85	89	Spectrogram 1	1	184.665741851	184.924089469	304.1	1013.5	POS
86	90	Spectrogram 1	1	194.903657523	195.700229347	1175.7	2473.0	POS
87	91	Spectrogram 1	1	196.433105553	196.626866266	141.9	851.4	POS
88	92	Spectrogram 1	1	198.39224166	200.082265665	81.1	1216.2	POS
89	93	Spectrogram 1	1	200.706605743	203.76371923	121.6	1175.7	POS
90	94	Spectrogram 1	1	204.463410697	204.614113474	101.4	1033.8	POS
91	95	Spectrogram 1	1	205.271638291	205.411576584	81.1	1033.8	POS
92	96	Spectrogram 1	1	205.971329758	206.18661944	60.8	973.0	POS
93	97	Spectrogram 1	1	207.176951978	207.316890271	40.5	871.6	POS
94	98	Spectrogram 1	1	208.317987293	208.565570428	60.8	973.0	POS
95	99	Spectrogram 1	1	209.060736697	209.20067499	121.6	973.0	POS
96	100	Spectrogram 1	1	209.674312291	209.846544036	60.8	1013.5	POS
97	101	Spectrogram 1	1	210.417061694	210.610822408	202.7	1135.1	POS
98	102	Spectrogram 1	1	222.335128174	222.528888888	162.2	1094.6	POS
99	103	Spectrogram 1	1	229.665741851	231.947923401	40.5	1074.3	POS
100	104	Spectrogram 1	1	228.675409313	229.149046613	60.8	1297.3	POS
101	105	Spectrogram 1	1	227.706605743	228.115656139	0.0	1500.0	POS
102	106	Spectrogram 1	1	223.992858726	224.240441861	121.6	810.8	POS
103	108	Spectrogram 1	1	226.54404146	227.103794633	0.0	1682.4	POS
104	109	Spectrogram 1	1	225.81205654	226.048875191	81.1	973.0	POS
105	110	Spectrogram 1	1	232.066332726	232.324680345	141.9	770.3	POS
106	111	Spectrogram 1	1	233.444186692	233.605653954	141.9	729.7	POS
107	112	Spectrogram 1	1	234.090055739	234.283816452	81.1	1135.1	POS
108	113	Spectrogram 1	1	235.327971411	235.478674188	141.9	709.5	POS
109	114	Spectrogram 1	1	236.028554164	236.20078591	101.4	689.2	POS
110	115	Spectrogram 1	1	236.954299797	237.201882932	121.6	1418.9	POS
111	116	Spectrogram 1	1	239.053374198	239.257899396	121.6	810.8	POS
112	117	Spectrogram 1	1	244.188033117	244.467909704	101.4	1743.2	POS
113	118	Spectrogram 1	1	245.480662497	245.685187695	0.0	1094.6	POS
114	119	Spectrogram 1	1	248.161019039	248.494718047	81.1	790.5	POS
115	120	Spectrogram 1	1	249.076000189	249.291289871	0.0	810.8	POS
116	121	Spectrogram 1	1	249.65728233	250.02327479	0.0	932.4	POS
117	122	Spectrogram 1	1	250.690672805	250.873669034	81.1	770.3	POS
118	123	Spectrogram 1	1	252.412990262	252.595986492	81.1	770.3	POS
119	124	Spectrogram 1	1	253.608739284	253.813264482	141.9	1013.5	POS
120	125	Spectrogram 1	1	259.270857924	259.421560702	101.4	1013.5	POS
121	126	Spectrogram 1	1	264.492524003	265.536678961	121.6	1135.1	POS
122	127	Spectrogram 1	1	265.859613484	266.117961103	0.0	1094.6	POS
123	128	Spectrogram 1	1	267.894100981	268.615321416	0.0	932.4	POS
124	129	Spectrogram 1	1	269.067429748	269.293483915	40.5	1418.9	POS
125	130	Spectrogram 1	1	269.928588477	270.122349191	182.4	871.6	POS
126	131	Spectrogram 1	1	274.934964873	275.161019039	40.5	912.2	POS
127	132	Spectrogram 1	1	275.839181538	276.043706736	20.3	952.7	POS
128	133	Spectrogram 1	1	276.624988878	276.829514076	20.3	891.9	POS
129	134	Spectrogram 1	1	277.238564472	277.432325186	121.6	912.2	POS
130	135	Spectrogram 1	1	278.153545621	278.347306335	182.4	851.4	POS
131	136	Spectrogram 1	1	282.191118448	282.374114678	81.1	790.5	POS
132	137	Spectrogram 1	1	286.99207836	288.499106135	60.8	1013.5	POS
133	138	Spectrogram 1	1	288.951214467	289.069623792	0.0	1094.6	POS
134	139	Spectrogram 1	1	284.925297411	285.05447122	0.0	871.6	POS
135	140	Spectrogram 1	1	289.5979748	289.78097103	0.0	1378.4	POS
136	141	Spectrogram 1	1	290.351488687	290.556013885	0.0	1804.1	POS
137	142	Spectrogram 1	1	293.085667651	294.226702966	101.4	993.2	POS
138	144	Spectrogram 1	1	294.818749592	295.02327479	243.2	1013.5	POS
139	145	Spectrogram 1	1	297.757453753	297.940449983	121.6	770.3	POS
140	146	Spectrogram 1	1	298.554916863	298.759442061	121.6	851.4	POS
141	147	Spectrogram 1	1	306.929685499	307.048094824	162.2	932.4	POS
142	148	Spectrogram 1	1	307.544152379	307.705619641	121.6	1337.8	POS
143	149	Spectrogram 1	1	308.20078591	308.38378214	223.0	1783.8	POS
144	150	Spectrogram 1	1	308.792832536	309.008122218	0.0	628.4	POS
145	151	Spectrogram 1	1	309.072709123	309.244940868	40.5	1337.8	POS
146	152	Spectrogram 1	1	315.477577166	315.768218237	121.6	891.9	POS
147	153	Spectrogram 1	1	313.690672805	314.024371812	0.0	1155.4	POS
148	154	Spectrogram 1	1	313.012510306	313.303151377	101.4	912.2	POS
149	155	Spectrogram 1	1	312.549637489	312.646517846	101.4	912.2	POS
150	156	Spectrogram 1	1	312.0006488	312.129822609	121.6	790.5	POS
151	157	Spectrogram 1	1	316.350391665	316.533387895	121.6	831.1	POS
152	158	Spectrogram 1	1	317.060847617	317.157727973	81.1	851.4	POS
153	159	Spectrogram 1	1	317.868183925	318.04041567	101.4	912.2	POS
154	160	Spectrogram 1	1	319.095335113	319.224508922	20.3	810.8	POS
155	161	Spectrogram 1	1	320.656185308	320.828417054	81.1	952.7	POS
156	162	Spectrogram 1	1	322.421560702	322.507676575	121.6	912.2	POS
157	163	Spectrogram 1	1	328.472092057	328.698146223	150.0	780.0	POS
158	164	Spectrogram 1	1	329.322486301	329.483953563	90.0	810.0	POS
159	165	Spectrogram 1	1	330.043706736	330.269760902	210.0	840.0	POS
160	166	Spectrogram 1	1	330.937158917	331.120155147	120.0	840.0	POS
161	167	Spectrogram 1	1	332.422657724	332.59488947	120.0	990.0	POS
162	168	Spectrogram 1	1	334.404214086	335.394546624	90.0	990.0	POS
163	169	Spectrogram 1	1	336.266469837	336.449466066	60.0	930.0	POS
164	170	Spectrogram 1	1	335.674423211	335.792832536	210.0	540.0	POS
165	171	Spectrogram 1	1	336.729342653	336.858516462	195.0	540.0	POS
166	172	Spectrogram 1	1	337.687381739	337.881142453	120.0	930.0	POS
167	173	Spectrogram 1	1	338.720772213	338.893003959	270.0	930.0	POS
168	174	Spectrogram 1	1	340.755259709	340.938255939	120.0	660.0	POS
169	175	Spectrogram 1	1	346.24603789	346.848849	120.0	960.0	POS
170	176	Spectrogram 1	1	347.430131142	347.623891856	180.0	825.0	POS
171	177	Spectrogram 1	1	348.398934712	348.571166457	90.0	780.0	POS
172	178	Spectrogram 1	1	349.421560702	349.647614868	90.0	690.0	POS
173	179	Spectrogram 1	1	350.907059509	351.391461294	90.0	1080.0	POS
174	180	Spectrogram 1	1	352.404214086	352.619503768	375.0	705.0	POS
175	181	Spectrogram 1	1	355.267566858	356.21484146	150.0	915.0	POS
176	182	Spectrogram 1	1	357.248231934	357.42046368	195.0	810.0	POS
177	183	Spectrogram 1	1	360.412990262	361.252620022	120.0	840.0	POS
178	184	Spectrogram 1	1	370.295677959	370.543261093	225.0	840.0	POS
179	185	Spectrogram 1	1	371.20078591	371.329959719	150.0	885.0	POS
180	186	Spectrogram 1	1	371.652894242	371.85741944	105.0	855.0	POS
181	187	Spectrogram 1	1	372.546346423	372.729342653	225.0	960.0	POS
182	188	Spectrogram 1	1	373.579736898	374.333250785	150.0	930.0	POS
183	189	Spectrogram 1	1	374.710007729	374.839181538	165.0	750.0	POS
184	190	Spectrogram 1	1	375.312818839	375.560401973	90.0	855.0	POS
185	191	Spectrogram 1	1	375.883336497	376.034039274	195.0	870.0	POS
186	192	Spectrogram 1	1	376.755259709	376.916726971	195.0	870.0	POS
187	193	Spectrogram 1	1	377.508773597	377.64871189	120.0	900.0	POS
188	194	Spectrogram 1	1	378.143878159	378.305345421	120.0	990.0	POS
189	195	Spectrogram 1	1	378.994272404	379.166504149	180.0	825.0	POS
190	196	Spectrogram 1	1	379.673326189	379.856322418	105.0	870.0	POS
191	197	Spectrogram 1	1	380.340724203	380.556013885	180.0	900.0	POS
192	198	Spectrogram 1	1	381.191118448	381.341821225	165.0	1050.0	POS
193	199	Spectrogram 1	1	381.998454756	382.116864081	180.0	960.0	POS
194	200	Spectrogram 1	1	388.167395436	388.339627181	180.0	705.0	POS
195	201	Spectrogram 1	1	389.426840076	389.642129758	150.0	945.0	POS
196	202	Spectrogram 1	1	390.061944638	390.201882932	165.0	780.0	POS
197	203	Spectrogram 1	1	390.557110907	390.707813685	195.0	765.0	POS
198	204	Spectrogram 1	1	391.891906937	392.021080746	195.0	930.0	POS
199	205	Spectrogram 1	1	394.884433519	395.035136296	45.0	915.0	POS
200	206	Spectrogram 1	1	393.915629949	394.249328956	0.0	285.0	POS
201	207	Spectrogram 1	1	403.227799988	403.356973797	165.0	1065.0	POS
202	208	Spectrogram 1	1	399.320292257	402.495815069	45.0	1140.0	POS
203	210	Spectrogram 1	1	409.160033722	409.429145825	225.6	755.6	POS
204	211	Spectrogram 1	1	409.91354761	410.09654384	270.7	834.6	POS
205	212	Spectrogram 1	1	413.885642245	414.047109507	135.3	834.6	POS
206	213	Spectrogram 1	1	414.467815674	414.596989483	45.1	766.9	POS
207	214	Spectrogram 1	1	415.178271625	415.339738886	112.8	812.0	POS
208	215	Spectrogram 1	1	416.534596622	416.975940471	112.8	789.5	POS
209	216	Spectrogram 1	1	417.632574001	417.76174781	248.1	902.3	POS
210	217	Spectrogram 1	1	420.000760505	420.183756735	101.5	530.1	POS
211	218	Spectrogram 1	1	421.249440661	421.410907923	214.3	812.0	POS
212	219	Spectrogram 1	1	426.815570231	426.998566461	180.5	1477.4	POS
213	220	Spectrogram 1	1	427.838196221	427.999663483	112.8	1556.4	POS
214	221	Spectrogram 1	1	428.742412886	428.903880148	203.0	1669.2	POS
215	222	Spectrogram 1	1	429.991093043	430.14179582	78.9	1725.6	POS
216	223	Spectrogram 1	1	430.938367644	431.874877761	214.3	733.1	POS
217	224	Spectrogram 1	1	435.277346026	438.818861297	0.0	338.3	POS
218	225	Spectrogram 1	1	442.145978172	442.318209918	180.5	744.4	POS
219	226	Spectrogram 1	1	445.902783126	446.118072808	90.2	834.6	POS
220	227	Spectrogram 1	1	451.081391268	451.242858529	191.7	1714.3	POS
221	228	Spectrogram 1	1	451.856434123	454.138504754	112.8	1590.2	POS
222	229	Spectrogram 1	1	455.850057727	456.076111893	169.2	1657.9	POS
223	230	Spectrogram 1	1	454.805902769	455.021192451	146.6	1657.9	POS
224	231	Spectrogram 1	1	456.754274392	456.90497717	146.6	1985.0	POS
225	232	Spectrogram 1	1	457.529317248	457.755371414	135.3	1827.1	POS
226	233	Spectrogram 1	1	458.659588079	458.810290857	135.3	1939.8	POS
227	234	Spectrogram 1	1	459.855337101	460.038333331	191.7	969.9	POS
228	235	Spectrogram 1	1	460.931785512	461.060959321	169.2	1150.4	POS
229	236	Spectrogram 1	1	477.887630554	478.070626784	135.3	834.6	POS
230	237	Spectrogram 1	1	478.791847219	478.985607933	146.6	710.5	POS
231	238	Spectrogram 1	1	479.545361106	479.717592852	214.3	924.8	POS
232	239	Spectrogram 1	1	481.881254158	482.010427967	78.9	812.0	POS
233	240	Spectrogram 1	1	482.451771815	482.602474593	180.5	766.9	POS
234	241	Spectrogram 1	1	483.678923003	483.840390265	270.7	766.9	POS
235	242	Spectrogram 1	1	495.155645634	495.263290476	191.7	924.8	POS
236	243	Spectrogram 1	1	498.977037493	499.213856143	112.8	981.2	POS
237	244	Spectrogram 1	1	497.362364876	497.426951781	372.2	969.9	POS
238	245	Spectrogram 1	1	498.546458128	498.654102969	327.1	879.7	POS
239	246	Spectrogram 1	1	499.719786896	499.848960705	778.2	1229.3	POS
240	247	Spectrogram 1	1	507.352697414	508.116975786	67.7	1330.8	POS
241	248	Spectrogram 1	1	508.321500984	510.30216606	124.1	1500.0	POS
242	249	Spectrogram 1	1	506.92211805	507.212759121	78.9	1060.2	POS
243	250	Spectrogram 1	1	511.163324788	511.410907923	56.4	800.8	POS
244	251	Spectrogram 1	1	513.305457126	513.488453355	169.2	879.7	POS
245	252	Spectrogram 1	1	516.654102969	517.235385111	90.2	1037.6	POS
246	253	Spectrogram 1	1	520.120266852	521.239773199	11.3	879.7	POS
247	254	Spectrogram 1	1	521.358182524	529.174089272	56.4	1037.6	POS
248	255	Spectrogram 1	1	529.550846216	529.733842446	157.9	654.1	POS
249	256	Spectrogram 1	1	530.455062881	530.777997404	90.2	744.4	POS
250	257	Spectrogram 1	1	532.135213688	532.307445434	90.2	913.5	POS
251	258	Spectrogram 1	1	533.276249004	533.394658329	90.2	733.1	POS
252	259	Spectrogram 1	1	533.889824598	534.018998407	56.4	823.3	POS
253	260	Spectrogram 1	1	539.541178754	539.724174984	135.3	789.5	POS
254	261	Spectrogram 1	1	540.563804744	540.671449585	101.5	924.8	POS
255	262	Spectrogram 1	1	541.759553766	543.514164676	112.8	766.9	POS
256	263	Spectrogram 1	1	541.11368472	541.275151982	78.9	823.3	POS
257	264	Spectrogram 1	1	544.170798206	544.343029952	225.6	789.5	POS
258	265	Spectrogram 1	1	544.91354761	545.021192451	78.9	812.0	POS
259	266	Spectrogram 1	1	545.688590466	545.839293243	169.2	699.2	POS
260	267	Spectrogram 1	1	546.625100583	546.829625781	180.5	744.4	POS
261	268	Spectrogram 1	1	547.314027566	547.486259312	112.8	721.8	POS
262	269	Spectrogram 1	1	548.412004945	548.648823595	112.8	744.4	POS
263	270	Spectrogram 1	1	549.100931928	549.208576769	101.5	755.6	POS
264	271	Spectrogram 1	1	549.660685101	549.800623395	112.8	812.0	POS
265	272	Spectrogram 1	1	550.232094045	552.654102969	67.7	834.6	POS
266	273	Spectrogram 1	1	554.430242847	554.591710109	112.8	789.5	POS
267	274	Spectrogram 1	1	555.183756735	555.345223996	135.3	879.7	POS
268	275	Spectrogram 1	1	556.303263082	556.421672407	146.6	834.6	POS
269	276	Spectrogram 1	1	556.98142558	557.218244231	78.9	778.2	POS
270	277	Spectrogram 1	1	557.627294627	557.745703952	157.9	733.1	POS
271	278	Spectrogram 1	1	558.100931928	558.208576769	214.3	665.4	POS
272	279	Spectrogram 1	1	562.752080348	562.902783126	191.7	766.9	POS
273	280	Spectrogram 1	1	563.656297013	564.948035106	78.9	857.1	POS
274	281	Spectrogram 1	1	567.639156133	567.800623395	135.3	823.3	POS
275	282	Spectrogram 1	1	568.027568847	568.511970632	135.3	744.4	POS
276	283	Spectrogram 1	1	568.996372417	569.13631071	135.3	812.0	POS
277	284	Spectrogram 1	1	569.706828368	569.879060114	180.5	755.6	POS
278	285	Spectrogram 1	1	571.020095429	571.504497214	1274.4	2165.4	POS
279	287	Spectrogram 1	1	575.519649786	575.853348793	191.7	744.4	POS
280	288	Spectrogram 1	1	576.208576769	576.520746808	146.6	789.5	POS
281	289	Spectrogram 1	1	576.660685101	577.555028568	101.5	778.2	POS
282	290	Spectrogram 1	1	577.996372417	578.92211805	112.8	812.0	POS
283	291	Spectrogram 1	1	579.309639478	579.47110674	157.9	812.0	POS
284	292	Spectrogram 1	1	580.235385111	580.418381341	183.2	732.8	POS
285	293	Spectrogram 1	1	581.634768045	581.839293243	34.4	732.8	POS
286	294	Spectrogram 1	1	583.098737884	583.238676177	194.7	709.9	POS
287	295	Spectrogram 1	1	585.230105737	585.434630935	160.3	790.1	POS
288	296	Spectrogram 1	1	589.052388881	589.375323405	229.0	893.1	POS
289	298	Spectrogram 1	1	586.216069044	588.455081738	44.1	1588.2	POS
290	299	Spectrogram 1	1	616.961012491	617.122479753	251.9	721.4	POS
291	300	Spectrogram 1	1	617.779113283	618.102047807	194.7	721.4	POS
292	301	Spectrogram 1	1	619.619840066	619.888952168	526.7	1213.7	POS
293	302	Spectrogram 1	1	620.846991254	620.997694032	217.6	755.7	POS
294	303	Spectrogram 1	1	621.924330951	622.064269244	515.3	1099.2	POS
295	304	Spectrogram 1	1	628.221554154	628.404550384	183.2	755.7	POS
296	305	Spectrogram 1	1	628.770542843	629.082712882	160.3	732.8	POS
297	306	Spectrogram 1	1	630.094574388	630.234512682	171.8	652.7	POS
298	307	Spectrogram 1	1	631.118091665	631.247265474	183.2	664.1	POS
299	308	Spectrogram 1	1	631.925427973	632.054601782	68.7	721.4	POS
300	309	Spectrogram 1	1	632.571297019	632.732764281	91.6	893.1	POS
301	310	Spectrogram 1	1	633.475513684	633.658509914	240.5	893.1	POS
302	311	Spectrogram 1	1	636.069754354	636.263515068	297.7	778.6	POS
303	312	Spectrogram 1	1	642.206401582	642.4647492	229.0	1122.1	POS
304	313	Spectrogram 1	1	645.651036496	645.801739274	217.6	1374.0	POS
305	314	Spectrogram 1	1	649.279558927	649.634786902	206.1	1007.6	POS
306	315	Spectrogram 1	1	650.086895235	650.280655949	206.1	1030.5	POS
307	316	Spectrogram 1	1	650.62511944	650.840409122	217.6	1007.6	POS
308	317	Spectrogram 1	1	654.597214076	654.834032726	332.1	1053.4	POS
309	318	Spectrogram 1	1	655.598311098	655.759778359	229.0	847.3	POS
310	319	Spectrogram 1	1	656.201122208	657.428273396	103.1	893.1	POS
311	320	Spectrogram 1	1	657.945859919	658.18267857	217.6	1122.1	POS
312	321	Spectrogram 1	1	660.120285709	660.292517455	103.1	709.9	POS
313	322	Spectrogram 1	1	664.598311098	664.759778359	103.1	1007.6	POS
314	323	Spectrogram 1	1	669.744625787	670.002973406	183.2	1351.1	POS
315	324	Spectrogram 1	1	673.21078967	673.350727963	183.2	938.9	POS
316	325	Spectrogram 1	1	673.964303557	674.330296017	183.2	996.2	POS
317	326	Spectrogram 1	1	674.965400579	675.212983714	34.4	961.8	POS
318	327	Spectrogram 1	1	675.449802364	675.643563078	57.3	1099.2	POS
319	328	Spectrogram 1	1	676.18267857	676.365674799	91.6	938.9	POS
320	329	Spectrogram 1	1	676.807018648	677.02230833	68.7	1099.2	POS
321	330	Spectrogram 1	1	678.615451978	678.841506144	251.9	916.0	POS
322	331	Spectrogram 1	1	682.017028956	682.156967249	171.8	893.1	POS
323	332	Spectrogram 1	1	686.366771821	686.549768051	160.3	858.8	POS
324	333	Spectrogram 1	1	687.733861303	688.43355277	286.3	1030.5	POS
325	334	Spectrogram 1	1	688.648842452	692.071948398	183.2	835.9	POS
326	335	Spectrogram 1	1	692.620937088	692.793168833	229.0	870.2	POS
327	336	Spectrogram 1	1	693.665092046	693.85885276	251.9	916.0	POS
328	337	Spectrogram 1	1	696.723096819	696.873799596	0.0	687.0	POS
329	338	Spectrogram 1	1	713.23650099	714.4647492	229.0	813.0	POS
330	340	Spectrogram 1	1	714.680038883	714.798448208	206.1	721.4	POS
331	341	Spectrogram 1	1	715.261321024	715.422788286	286.3	778.6	POS
332	342	Spectrogram 1	1	719.502527763	719.642466056	240.5	801.5	POS
333	343	Spectrogram 1	1	720.288335102	720.535918237	286.3	881.7	POS
334	344	Spectrogram 1	1	723.076130751	723.216069044	57.3	503.8	POS
335	345	Spectrogram 1	1	729.437940858	729.631701572	297.7	1019.1	POS
336	346	Spectrogram 1	1	721.795157142	722.290323411	950.4	2919.8	POS
337	347	Spectrogram 1	1	731.161149601	731.376439284	0.0	561.1	POS
338	348	Spectrogram 1	1	732.668177376	732.904996027	0.0	503.8	POS
339	349	Spectrogram 1	1	734.046031342	734.19673412	0.0	572.5	POS
340	350	Spectrogram 1	1	735.531530149	735.649939474	0.0	572.5	POS
341	351	Spectrogram 1	1	737.08161586	737.221554154	0.0	584.0	POS
342	352	Spectrogram 1	1	738.976165063	739.643563078	0.0	801.5	POS
343	353	Spectrogram 1	1	747.610172604	747.933107127	217.6	767.2	POS
344	354	Spectrogram 1	1	748.299099587	748.600505142	91.6	801.5	POS
345	355	Spectrogram 1	1	749.150385117	749.290323411	194.7	881.7	POS
346	356	Spectrogram 1	1	749.936192457	750.151482139	206.1	904.6	POS
347	357	Spectrogram 1	1	750.689706345	750.872702574	194.7	893.1	POS
348	358	Spectrogram 1	1	757.449802364	757.654327562	183.2	893.1	POS
349	359	Spectrogram 1	1	753.983638481	754.166634711	0.0	309.2	POS
350	360	Spectrogram 1	1	758.139620633	758.441026188	263.4	778.6	POS
351	361	Spectrogram 1	1	758.828547616	759.194540076	114.5	835.9	POS
352	362	Spectrogram 1	1	762.294711499	762.40235634	137.4	732.8	POS
353	363	Spectrogram 1	1	760.077227773	760.281752971	0.0	343.5	POS
354	364	Spectrogram 1	1	764.156967249	764.350727963	206.1	721.4	POS
355	365	Spectrogram 1	1	765.308767049	765.502527763	240.5	801.5	POS
356	366	Spectrogram 1	1	766.25604165	766.417508912	286.3	938.9	POS
357	367	Spectrogram 1	1	768.474416663	768.668177376	0.0	435.1	POS
358	368	Spectrogram 1	1	776.118091665	776.258029958	160.3	755.7	POS
359	369	Spectrogram 1	1	776.78548968	776.990014878	68.7	767.2	POS
360	370	Spectrogram 1	1	777.539003567	777.657412892	206.1	858.8	POS
361	371	Spectrogram 1	1	778.109521225	778.270988486	148.9	801.5	POS
362	372	Spectrogram 1	1	779.046031342	779.207498604	160.3	687.0	POS
363	373	Spectrogram 1	1	781.887855146	785.204207538	126.0	824.4	POS
364	374	Spectrogram 1	1	785.580964482	786.62511944	183.2	847.3	POS
365	375	Spectrogram 1	1	789.660703958	789.768348799	160.3	870.2	POS
366	376	Spectrogram 1	1	790.930913083	791.103144829	194.7	801.5	POS
367	377	Spectrogram 1	1	791.641369034	791.802836296	229.0	858.8	POS
368	378	Spectrogram 1	1	792.674759508	793.611269626	114.5	858.8	POS
369	379	Spectrogram 1	1	794.096562697	794.258029958	217.6	824.4	POS
370	380	Spectrogram 1	1	794.710138291	794.871605553	0.0	389.3	POS
371	381	Spectrogram 1	1	799.42498233	799.60797856	171.8	767.2	POS
372	382	Spectrogram 1	1	800.253847606	801.610172604	68.7	709.9	POS
373	383	Spectrogram 1	1	803.096562697	803.301087895	183.2	572.5	POS
374	384	Spectrogram 1	1	803.677844839	804.646648408	103.1	675.6	POS
375	385	Spectrogram 1	1	805.389397812	806.272085508	103.1	938.9	POS
376	386	Spectrogram 1	1	807.886758125	808.231221616	137.4	732.8	POS
377	387	Spectrogram 1	1	809.985832525	810.201122208	183.2	835.9	POS
378	388	Spectrogram 1	1	810.728581929	810.83622677	240.5	847.3	POS
379	389	Spectrogram 1	1	811.729678951	811.848088276	206.1	904.6	POS
380	390	Spectrogram 1	1	815.455081738	815.627313484	183.2	755.7	POS
381	391	Spectrogram 1	1	817.285044036	817.47880475	103.1	778.6	POS
382	392	Spectrogram 1	1	817.823268242	819.308767049	68.7	732.8	POS
383	393	Spectrogram 1	1	819.793168833	819.943871611	183.2	675.6	POS
384	394	Spectrogram 1	1	820.352922007	820.482095816	183.2	778.6	POS
385	395	Spectrogram 1	1	820.902801983	821.957721425	91.6	709.9	POS
386	396	Spectrogram 1	1	829.665092046	829.826559308	171.8	801.5	POS
387	397	Spectrogram 1	1	830.354910315	830.559435513	160.3	847.3	POS
388	398	Spectrogram 1	1	831.011543846	831.183775592	194.7	801.5	POS
389	399	Spectrogram 1	1	831.646648408	831.743528765	114.5	870.2	POS
390	400	Spectrogram 1	1	832.367868843	832.529336105	183.2	824.4	POS
391	401	Spectrogram 1	1	833.304378961	833.498139675	274.8	938.9	POS
392	402	Spectrogram 1	1	834.262418046	834.359298403	91.6	801.5	POS
393	403	Spectrogram 1	1	843.682232926	843.929816061	194.7	824.4	POS
394	404	Spectrogram 1	1	849.25912698	849.409829758	148.9	893.1	POS
395	405	Spectrogram 1	1	852.40235634	852.628410506	217.6	835.9	POS
396	406	Spectrogram 1	1	856.083809904	856.352922007	297.7	938.9	POS
397	407	Spectrogram 1	1	859.604687494	859.863035112	148.9	824.4	POS
398	408	Spectrogram 1	1	867.280655949	869.304378961	45.8	1053.4	POS
399	409	Spectrogram 1	1	869.79954523	870.240889078	68.7	961.8	POS
400	410	Spectrogram 1	1	870.596117054	871.145105743	114.5	1007.6	POS
401	411	Spectrogram 1	1	872.26461209	872.404550384	103.1	801.5	POS
402	412	Spectrogram 1	1	873.007361494	873.168828755	91.6	1190.8	POS
403	413	Spectrogram 1	1	874.148396809	874.309864071	183.2	778.6	POS
404	414	Spectrogram 1	1	874.395979943	874.557447205	114.5	1110.7	POS
405	415	Spectrogram 1	1	875.570199998	875.817783132	91.6	1019.1	POS
406	416	Spectrogram 1	1	876.02230833	876.162246623	80.2	893.1	POS
407	417	Spectrogram 1	1	876.560532535	876.754293249	171.8	824.4	POS
408	418	Spectrogram 1	1	880.414217846	882.104241851	103.1	790.1	POS
409	419	Spectrogram 1	1	882.201122208	883.697385498	91.6	858.8	POS
410	420	Spectrogram 1	1	887.950248007	892.901910697	194.7	790.1	POS
411	421	Spectrogram 1	1	893.699373807	893.968485909	137.4	664.1	POS
412	422	Spectrogram 1	1	894.162246623	894.323713885	183.2	755.7	POS
413	423	Spectrogram 1	1	897.100950785	901.385215459	57.3	835.9	POS
414	424	Spectrogram 1	1	901.751207919	901.848088276	286.3	916.0	POS
415	425	Spectrogram 1	1	902.118091665	903.44212321	91.6	801.5	POS
416	426	Spectrogram 1	1	905.907190071	909.23341566	194.7	938.9	POS
417	427	Spectrogram 1	1	922.927622017	923.099853763	194.7	835.9	POS
418	428	Spectrogram 1	1	924.370062887	924.574588085	91.6	881.7	POS
419	429	Spectrogram 1	1	924.908287093	925.037460902	377.9	858.8	POS
420	430	Spectrogram 1	1	925.812503758	925.984735503	240.5	732.8	POS
421	431	Spectrogram 1	1	929.365674799	932.229027572	57.3	1110.7	POS
422	432	Spectrogram 1	1	932.702664873	933.100950785	160.3	1007.6	POS
423	433	Spectrogram 1	1	935.221554154	937.546682721	160.3	893.1	POS
424	434	Spectrogram 1	1	938.052613474	938.171022799	160.3	778.6	POS
425	435	Spectrogram 1	1	938.699373807	938.78548968	183.2	858.8	POS
426	436	Spectrogram 1	1	942.660703958	945.125770819	114.5	881.7	POS
427	437	Spectrogram 1	1	945.696288477	945.879284706	160.3	732.8	POS
428	438	Spectrogram 1	1	946.709041269	947.903899005	251.9	778.6	POS
429	439	Spectrogram 1	1	948.818880154	949.357104359	103.1	767.2	POS
430	440	Spectrogram 1	1	950.25055654	950.98254146	194.7	687.0	POS
431	441	Spectrogram 1	1	951.531530149	951.63917499	217.6	675.6	POS
432	442	Spectrogram 1	1	952.220457132	952.457275782	286.3	824.4	POS
433	443	Spectrogram 1	1	953.060086892	953.221554154	320.6	744.3	POS
434	444	Spectrogram 1	1	961.47880475	961.640272012	274.8	744.3	POS
435	445	Spectrogram 1	1	973.288335102	973.4928603	251.9	927.5	POS
436	446	Spectrogram 1	1	973.827450594	974.247265474	194.7	1053.4	POS
437	447	Spectrogram 1	1	974.505613093	974.65631587	206.1	916.0	POS
438	448	Spectrogram 1	1	974.979250394	976.001876384	171.8	801.5	POS
439	449	Spectrogram 1	1	977.347436897	978.100950785	137.4	778.6	POS
440	450	Spectrogram 1	1	978.886758125	980.275376574	148.9	847.3	POS
441	451	Spectrogram 1	1	982.083809904	982.374450975	217.6	858.8	POS
442	452	Spectrogram 1	1	982.794265855	982.966497601	137.4	858.8	POS
443	453	Spectrogram 1	1	983.23650099	983.441026188	137.4	755.7	POS
444	454	Spectrogram 1	1	984.183775592	984.366771821	137.4	778.6	POS
445	455	Spectrogram 1	1	984.840409122	985.055698804	114.5	755.7	POS
446	456	Spectrogram 1	1	985.59392301	985.733861303	194.7	801.5	POS
447	457	Spectrogram 1	1	986.261321024	986.508904159	80.2	778.6	POS
448	458	Spectrogram 1	1	1000.848979562	1001.171914086	160.3	790.1	POS
449	459	Spectrogram 1	1	1001.516377577	1001.688609323	160.3	1122.1	POS
450	460	Spectrogram 1	1	1002.269891464	1002.409829758	126.0	1145.0	POS
451	461	Spectrogram 1	1	1004.06756031	1004.508904159	160.3	1053.4	POS
452	462	Spectrogram 1	1	1005.649939474	1005.746819831	206.1	984.7	POS
453	463	Spectrogram 1	1	1017.018125978	1017.201122208	400.8	813.0	POS
454	464	Spectrogram 1	1	1018.870508531	1019.064269244	0.0	389.3	POS
455	465	Spectrogram 1	1	1023.327004951	1023.510001181	171.8	732.8	POS
456	466	Spectrogram 1	1	1031.519668643	1031.691900389	206.1	732.8	POS
457	467	Spectrogram 1	1	1033.554156139	1033.726387885	148.9	732.8	POS
458	468	Spectrogram 1	1	1034.167731733	1034.383021415	91.6	790.1	POS
459	469	Spectrogram 1	1	1035.179593239	1035.384118437	91.6	687.0	POS
460	470	Spectrogram 1	1	1037.570199998	1038.571297019	148.9	916.0	POS
461	471	Spectrogram 1	1	1040.347436897	1040.896425587	194.7	927.5	POS
462	472	Spectrogram 1	1	1041.230124594	1042.414217846	160.3	916.0	POS
463	473	Spectrogram 1	1	1042.521862687	1043.146202765	91.6	950.4	POS
464	474	Spectrogram 1	1	1043.167731733	1044.373353953	45.8	1076.3	POS
465	475	Spectrogram 1	1	1044.707052961	1045.223748198	114.5	1030.5	POS
466	476	Spectrogram 1	1	1045.880381728	1046.074142442	126.0	1042.0	POS
467	477	Spectrogram 1	1	1049.358201381	1049.465846222	251.9	687.0	POS
468	478	Spectrogram 1	1	1052.641369034	1052.888952168	251.9	709.9	POS
469	479	Spectrogram 1	1	1053.384118437	1053.480998794	137.4	847.3	POS
470	480	Spectrogram 1	1	1054.85885276	1057.443220232	148.9	721.4	POS
471	481	Spectrogram 1	1	1058.046031342	1058.19673412	137.4	675.6	POS
472	482	Spectrogram 1	1	1058.98254146	1059.531530149	103.1	595.4	POS
473	483	Spectrogram 1	1	1060.392688878	1060.554156139	160.3	687.0	POS
474	484	Spectrogram 1	1	1066.400162296	1066.59392301	171.8	893.1	POS
475	485	Spectrogram 1	1	1067.325907929	1067.498139675	206.1	1007.6	POS
476	486	Spectrogram 1	1	1074.108424203	1075.066463288	103.1	847.3	POS
477	487	Spectrogram 1	1	1076.175205151	1077.144008721	114.5	847.3	POS
478	488	Spectrogram 1	1	1075.217166066	1075.529336105	114.5	881.7	POS
479	489	Spectrogram 1	1	1077.768348799	1077.994402966	148.9	709.9	POS
480	490	Spectrogram 1	1	1078.597214076	1080.125770819	45.8	938.9	POS
481	491	Spectrogram 1	1	1080.696288477	1082.04184899	57.3	847.3	POS
482	492	Spectrogram 1	1	1082.828547616	1084.163343645	114.5	767.2	POS
483	493	Spectrogram 1	1	1084.852270628	1087.66180098	91.6	938.9	POS
484	494	Spectrogram 1	1	1088.146202765	1088.587546613	137.4	950.4	POS
485	495	Spectrogram 1	1	1089.276473596	1089.41641189	114.5	984.7	POS
486	496	Spectrogram 1	1	1089.986929547	1090.25604165	160.3	893.1	POS
487	497	Spectrogram 1	1	1090.740443435	1090.837323792	126.0	870.2	POS
488	498	Spectrogram 1	1	1091.430261704	1093.766154755	80.2	916.0	POS
489	499	Spectrogram 1	1	1096.155870227	1096.468040266	263.4	927.5	POS
490	500	Spectrogram 1	1	1097.3937859	1099.428273396	160.3	824.4	POS
491	501	Spectrogram 1	1	1100.979250394	1101.183775592	229.0	847.3	POS
492	502	Spectrogram 1	1	1102.636980946	1102.906093049	206.1	755.7	POS
493	503	Spectrogram 1	1	1103.734958325	1104.068657332	183.2	904.6	POS
494	504	Spectrogram 1	1	1104.789877768	1108.557447205	126.0	916.0	POS
495	505	Spectrogram 1	1	1119.431358726	1119.539003567	217.6	927.5	POS
496	506	Spectrogram 1	1	1122.154773205	1122.305475983	206.1	893.1	POS
497	507	Spectrogram 1	1	1128.000779362	1129.195637098	171.8	858.8	POS
498	508	Spectrogram 1	1	1130.638077968	1131.789877768	126.0	721.4	POS
499	509	Spectrogram 1	1	1132.952442051	1133.878187684	80.2	732.8	POS
500	510	Spectrogram 1	1	1134.405647406	1134.83622677	137.4	698.5	POS
501	511	Spectrogram 1	1	1135.277570618	1136.052613474	171.8	698.5	POS
502	512	Spectrogram 1	1	1136.397968252	1136.613257934	137.4	778.6	POS
503	513	Spectrogram 1	1	1137.151482139	1137.366771821	137.4	698.5	POS
504	514	Spectrogram 1	1	1137.818880154	1138.109521225	114.5	687.0	POS
505	515	Spectrogram 1	1	1138.4647492	1139.821074198	103.1	790.1	POS
506	516	Spectrogram 1	1	1140.63917499	1140.87599364	137.4	618.3	POS
507	517	Spectrogram 1	1	1141.263515068	1141.489569235	171.8	801.5	POS
508	518	Spectrogram 1	1	1142.006264472	1142.21078967	137.4	698.5	POS
509	519	Spectrogram 1	1	1142.705955939	1142.953539073	148.9	709.9	POS
510	520	Spectrogram 1	1	1143.351824985	1143.685523992	137.4	904.6	POS
511	521	Spectrogram 1	1	1144.191454745	1144.503624785	103.1	801.5	POS
512	522	Spectrogram 1	1	1145.78548968	1146.011543846	206.1	732.8	POS
513	523	Spectrogram 1	1	1146.700470829	1147.819977176	126.0	698.5	POS
514	524	Spectrogram 1	1	1148.455081738	1149.811406736	114.5	847.3	POS
515	525	Spectrogram 1	1	1150.317337489	1150.468040266	206.1	755.7	POS
516	526	Spectrogram 1	1	1151.458372804	1151.673662486	251.9	687.0	POS
517	527	Spectrogram 1	1	1152.23341566	1153.611269626	171.8	813.0	POS
518	528	Spectrogram 1	1	1154.484084125	1154.667080354	217.6	893.1	POS
519	529	Spectrogram 1	1	1155.366771821	1155.495945631	206.1	801.5	POS
520	530	Spectrogram 1	1	1160.060086892	1160.318434511	251.9	893.1	POS
521	531	Spectrogram 1	1	1161.556350183	1161.663995024	137.4	801.5	POS
522	532	Spectrogram 1	1	1162.665092046	1162.955733117	183.2	778.6	POS
523	533	Spectrogram 1	1	1163.505613093	1163.720902775	148.9	755.7	POS
524	534	Spectrogram 1	1	1164.38830079	1164.560532535	229.0	813.0	POS
525	535	Spectrogram 1	1	1169.727484907	1169.942774589	114.5	870.2	POS
526	536	Spectrogram 1	1	1170.330296017	1170.524056731	68.7	938.9	POS
527	537	Spectrogram 1	1	1171.212983714	1171.557447205	114.5	1099.2	POS
528	538	Spectrogram 1	1	1172.301087895	1172.462555156	103.1	961.8	POS
529	539	Spectrogram 1	1	1173.463652178	1173.646648408	137.4	893.1	POS
530	540	Spectrogram 1	1	1174.174108129	1174.432455748	148.9	1030.5	POS
531	541	Spectrogram 1	1	1175.132147215	1175.325907929	137.4	1053.4	POS
532	542	Spectrogram 1	1	1177.952442051	1178.103144829	80.2	1190.8	POS
533	543	Spectrogram 1	1	1179.502527763	1179.739346413	126.0	1145.0	POS
534	544	Spectrogram 1	1	1180.428273396	1180.643563078	80.2	1236.6	POS
535	545	Spectrogram 1	1	1181.204207538	1181.441026188	80.2	1167.9	POS
536	546	Spectrogram 1	1	1182.689706345	1182.948053963	114.5	1145.0	POS
537	547	Spectrogram 1	1	1183.615451978	1183.766154755	206.1	1099.2	POS
538	548	Spectrogram 1	1	1184.756487293	1184.885661103	217.6	1190.8	POS
539	549	Spectrogram 1	1	1186.274279552	1186.42498233	217.6	664.1	POS
540	550	Spectrogram 1	1	1189.944968633	1190.106435895	183.2	687.0	POS
541	551	Spectrogram 1	1	1188.513292247	1188.642466056	229.0	664.1	POS
542	552	Spectrogram 1	1	1187.253847606	1187.512195225	114.5	664.1	POS
543	553	Spectrogram 1	1	1192.550865073	1192.755390271	148.9	755.7	POS
544	554	Spectrogram 1	1	1193.336672413	1193.465846222	171.8	801.5	POS
545	555	Spectrogram 1	1	1193.993305944	1194.176302173	183.2	778.6	POS
546	556	Spectrogram 1	1	1194.553059117	1194.692997411	137.4	847.3	POS
547	557	Spectrogram 1	1	1195.995499988	1196.200025186	229.0	824.4	POS
548	558	Spectrogram 1	1	1196.964303557	1197.222651176	137.4	744.3	POS
549	559	Spectrogram 1	1	200.749355541	201.182772024	2879.195	3402.685	POS
550	560	Spectrogram 1	1	202.021338699	202.643197131	2832.215	3302.013	POS
551	561	Spectrogram 1	1	203.706028476	204.167711252	3187.919	3624.161	POS
552	562	Spectrogram 1	1	206.617456593	207.267581318	1704.698	2630.872	POS
553	563	Spectrogram 1	1	208.775116913	209.293332273	1590.604	2523.49	POS
554	564	Spectrogram 1	1	230.067191517	230.934024484	2879.195	3402.685	POS
555	565	Spectrogram 1	1	254.532647299	255.352369779	2872.483	3409.396	POS
556	566	Spectrogram 1	1	257.048347323	257.783270925	2818.792	3315.436	POS
557	567	Spectrogram 1	1	273.768838987	274.418963712	1751.678	2657.718	POS
558	568	Spectrogram 1	1	286.543337482	287.240572694	2724.832	3228.188	POS
559	569	Spectrogram 1	1	287.636300788	288.37122439	2751.678	3389.262	POS
560	570	Spectrogram 1	1	288.842329264	289.643207548	3026.846	3503.356	POS
561	571	Spectrogram 1	1	290.359286956	290.934034901	2973.154	3617.45	POS
562	572	Spectrogram 1	1	291.414561872	292.187173864	2845.638	3644.295	POS
