Selection	Begin Time (s)	End Time (s)	View	Channel	Low Freq (Hz)	High Freq (Hz)	Type
1277	28.16075	28.46075	Spectrogram 1	1	20	2000	POS
1278	29.06075	29.36075	Spectrogram 1	1	20	2000	POS
1279	30.26075	30.56075	Spectrogram 1	1	20	2000	POS
1280	31.76075	32.06075	Spectrogram 1	1	20	2000	POS
1281	32.96075	33.26075	Spectrogram 1	1	20	2000	POS
1282	35.96075	36.26075	Spectrogram 1	1	20	2000	POS
1283	40.76075	41.36075	Spectrogram 1	1	20	2000	POS
1284	45.86075	46.46075	Spectrogram 1	1	20	2000	POS
1285	46.76075	47.06075	Spectrogram 1	1	20	2000	POS
1286	52.46075	52.76075	Spectrogram 1	1	20	2000	POS
1287	57.56075	57.86075	Spectrogram 1	1	20	2000	POS
1288	58.76075	59.06075	Spectrogram 1	1	20	2000	POS
1289	60.26075	60.56075	Spectrogram 1	1	20	2000	POS
1290	61.46075	61.76075	Spectrogram 1	1	20	2000	POS
1291	63.26075	63.56075	Spectrogram 1	1	20	2000	POS
1292	63.86075	64.16075000000001	Spectrogram 1	1	20	2000	POS
1293	66.56075	66.86075	Spectrogram 1	1	20	2000	POS
1294	68.06075	68.66075000000001	Spectrogram 1	1	20	2000	POS
1295	72.86075	73.16075000000001	Spectrogram 1	1	20	2000	POS
1296	74.36075	74.96074999999999	Spectrogram 1	1	20	2000	POS
1297	75.56075	75.86075	Spectrogram 1	1	20	2000	POS
1298	76.16075000000001	76.46074999999999	Spectrogram 1	1	20	2000	POS
1299	77.66075000000001	79.46074999999999	Spectrogram 1	1	20	2000	POS
1300	81.86075	82.46074999999999	Spectrogram 1	1	20	2000	POS
1301	83.66075000000001	83.96074999999999	Spectrogram 1	1	20	2000	POS
1302	86.66075000000001	86.96074999999999	Spectrogram 1	1	20	2000	POS
1303	87.56075	87.86075	Spectrogram 1	1	20	2000	POS
1304	92.06075	92.36075	Spectrogram 1	1	20	2000	POS
1305	93.26075	93.56074999999998	Spectrogram 1	1	20	2000	POS
1306	95.36075	95.66075	Spectrogram 1	1	20	2000	POS
1307	97.46075	98.36075	Spectrogram 1	1	20	2000	POS
1308	99.86075	100.16075	Spectrogram 1	1	20	2000	POS
1309	102.56074999999998	102.86075	Spectrogram 1	1	20	2000	POS
1310	104.96075	105.26075	Spectrogram 1	1	20	2000	POS
1311	105.56074999999998	105.86075	Spectrogram 1	1	20	2000	POS
1312	107.36075	107.96075	Spectrogram 1	1	20	2000	POS
1313	108.26075	109.16075	Spectrogram 1	1	20	2000	POS
1314	109.46075	109.76075	Spectrogram 1	1	20	2000	POS
1315	110.06074999999998	111.86075	Spectrogram 1	1	20	2000	POS
1316	113.06074999999998	113.36075	Spectrogram 1	1	20	2000	POS
1317	118.46075	119.06074999999998	Spectrogram 1	1	20	2000	POS
1318	120.86075	121.16075	Spectrogram 1	1	20	2000	POS
1319	122.06074999999998	122.36075	Spectrogram 1	1	20	2000	POS
1320	122.66075	122.96075	Spectrogram 1	1	20	2000	POS
1321	125.36075	125.66075	Spectrogram 1	1	20	2000	POS
1322	126.56074999999998	126.86075	Spectrogram 1	1	20	2000	POS
1323	127.16075	128.06074999999998	Spectrogram 1	1	20	2000	POS
1324	129.26075	129.86075	Spectrogram 1	1	20	2000	POS
1325	131.06074999999998	131.36075	Spectrogram 1	1	20	2000	POS
1326	131.96075	132.26075	Spectrogram 1	1	20	2000	POS
1327	132.86075	133.16075	Spectrogram 1	1	20	2000	POS
1328	133.46075	133.76075	Spectrogram 1	1	20	2000	POS
1329	134.96075	135.26075	Spectrogram 1	1	20	2000	POS
1330	136.16075	136.76075	Spectrogram 1	1	20	2000	POS
1331	138.86075	139.16075	Spectrogram 1	1	20	2000	POS
1332	139.46075	140.06074999999998	Spectrogram 1	1	20	2000	POS
1333	140.96075	141.26075	Spectrogram 1	1	20	2000	POS
1334	142.46075	142.76075	Spectrogram 1	1	20	2000	POS
1335	143.06074999999998	143.66075	Spectrogram 1	1	20	2000	POS
1336	145.76075	146.06074999999998	Spectrogram 1	1	20	2000	POS
1337	146.36075	146.66075	Spectrogram 1	1	20	2000	POS
1338	148.76075	149.06074999999998	Spectrogram 1	1	20	2000	POS
1339	149.66075	149.96075	Spectrogram 1	1	20	2000	POS
1340	150.56074999999998	150.86075	Spectrogram 1	1	20	2000	POS
1341	151.46075	151.76075	Spectrogram 1	1	20	2000	POS
1342	152.06074999999998	152.66075	Spectrogram 1	1	20	2000	POS
1343	152.96075	153.26075	Spectrogram 1	1	20	2000	POS
1344	156.26075	156.56075	Spectrogram 1	1	20	2000	POS
1345	160.76075	161.06075	Spectrogram 1	1	20	2000	POS
1346	161.36075	161.96075	Spectrogram 1	1	20	2000	POS
1347	162.56075	163.16075	Spectrogram 1	1	20	2000	POS
1348	163.46075	163.76075	Spectrogram 1	1	20	2000	POS
1349	164.06075	164.36075	Spectrogram 1	1	20	2000	POS
1350	165.26075	165.86075	Spectrogram 1	1	20	2000	POS
1351	170.96075	171.26075	Spectrogram 1	1	20	2000	POS
1352	176.06075	176.36075	Spectrogram 1	1	20	2000	POS
1353	177.86075	178.16075	Spectrogram 1	1	20	2000	POS
1354	178.46075	178.76075	Spectrogram 1	1	20	2000	POS
1355	179.36075	179.66075	Spectrogram 1	1	20	2000	POS
1356	180.56075	180.86075	Spectrogram 1	1	20	2000	POS
1357	182.06075	182.36075	Spectrogram 1	1	20	2000	POS
1358	184.76075	185.06075	Spectrogram 1	1	20	2000	POS
1359	186.56075	187.16075	Spectrogram 1	1	20	2000	POS
1360	188.06075	188.36075	Spectrogram 1	1	20	2000	POS
1361	188.66075	188.96075	Spectrogram 1	1	20	2000	POS
1362	191.06075	191.36075	Spectrogram 1	1	20	2000	POS
1363	194.06075	194.36075	Spectrogram 1	1	20	2000	POS
1364	195.56075	195.86075	Spectrogram 1	1	20	2000	POS
1365	197.06075	197.36075	Spectrogram 1	1	20	2000	POS
1366	200.06075	200.36075	Spectrogram 1	1	20	2000	POS
1367	201.56075	202.16075	Spectrogram 1	1	20	2000	POS
1368	203.96075	204.86075	Spectrogram 1	1	20	2000	POS
1369	205.76075	206.06075	Spectrogram 1	1	20	2000	POS
1370	206.36075	207.26075	Spectrogram 1	1	20	2000	POS
1371	208.16075	208.46075	Spectrogram 1	1	20	2000	POS
1372	208.76075	209.06075	Spectrogram 1	1	20	2000	POS
1373	209.66075	210.26075	Spectrogram 1	1	20	2000	POS
1374	212.06075	212.36075	Spectrogram 1	1	20	2000	POS
1375	213.56075	213.86075	Spectrogram 1	1	20	2000	POS
1376	214.16075	214.46075	Spectrogram 1	1	20	2000	POS
1377	214.76075	215.66075	Spectrogram 1	1	20	2000	POS
1378	216.26075	216.56075	Spectrogram 1	1	20	2000	POS
1379	217.46075	217.76075	Spectrogram 1	1	20	2000	POS
1380	218.06075	218.36075	Spectrogram 1	1	20	2000	POS
1381	218.66075	219.26075	Spectrogram 1	1	20	2000	POS
1382	226.46075	226.76075	Spectrogram 1	1	20	2000	POS
1383	228.26075	228.56075	Spectrogram 1	1	20	2000	POS
1384	229.16075	229.46075	Spectrogram 1	1	20	2000	POS
1385	233.06075	233.36075	Spectrogram 1	1	20	2000	POS
1386	233.66075	233.96075	Spectrogram 1	1	20	2000	POS
1387	234.26075	234.56075	Spectrogram 1	1	20	2000	POS
1388	234.86075	235.16075	Spectrogram 1	1	20	2000	POS
1389	235.46075	235.76075	Spectrogram 1	1	20	2000	POS
1390	236.06075	236.36075	Spectrogram 1	1	20	2000	POS
1391	236.66075	237.26075	Spectrogram 1	1	20	2000	POS
1392	237.56075	237.86075	Spectrogram 1	1	20	2000	POS
1393	243.86075	244.16075	Spectrogram 1	1	20	2000	POS
1394	248.06075	248.36075	Spectrogram 1	1	20	2000	POS
1395	251.36075	251.66075	Spectrogram 1	1	20	2000	POS
1396	254.96075	255.26075	Spectrogram 1	1	20	2000	POS
1397	255.86075	256.16075	Spectrogram 1	1	20	2000	POS
1398	259.16075	260.66075	Spectrogram 1	1	20	2000	POS
1399	265.16075	265.76075	Spectrogram 1	1	20	2000	POS
1400	266.66075	266.96075	Spectrogram 1	1	20	2000	POS
1401	267.86075	270.56075	Spectrogram 1	1	20	2000	POS
1402	270.86075	273.56075	Spectrogram 1	1	20	2000	POS
1403	273.86075	275.06075	Spectrogram 1	1	20	2000	POS
1404	275.36075	275.66075	Spectrogram 1	1	20	2000	POS
1405	275.96075	276.56075	Spectrogram 1	1	20	2000	POS
1406	276.86075	278.36075	Spectrogram 1	1	20	2000	POS
1407	278.96075	279.26075	Spectrogram 1	1	20	2000	POS
1408	279.86075	280.16075	Spectrogram 1	1	20	2000	POS
1409	280.46075	280.76075	Spectrogram 1	1	20	2000	POS
1410	281.36075	281.66075	Spectrogram 1	1	20	2000	POS
1411	283.46075	284.06075	Spectrogram 1	1	20	2000	POS
1412	284.66075	284.96075	Spectrogram 1	1	20	2000	POS
1413	286.16075	287.36075	Spectrogram 1	1	20	2000	POS
1414	288.86075	289.46075	Spectrogram 1	1	20	2000	POS
1415	290.66075	291.26075	Spectrogram 1	1	20	2000	POS
1416	291.56075	292.16075	Spectrogram 1	1	20	2000	POS
1417	293.66075	293.96075	Spectrogram 1	1	20	2000	POS
1418	294.26075	294.56075	Spectrogram 1	1	20	2000	POS
1419	296.36075	296.66075	Spectrogram 1	1	20	2000	POS
1420	298.16075	298.46075	Spectrogram 1	1	20	2000	POS
1421	299.96075	300.56075	Spectrogram 1	1	20	2000	POS
1422	300.86075	301.16075	Spectrogram 1	1	20	2000	POS
1423	302.06075	302.66075	Spectrogram 1	1	20	2000	POS
1424	303.86075	304.46075	Spectrogram 1	1	20	2000	POS
1425	306.86075	307.16075	Spectrogram 1	1	20	2000	POS
1426	309.56075	309.86075	Spectrogram 1	1	20	2000	POS
1427	310.16075	311.36075	Spectrogram 1	1	20	2000	POS
1428	311.96075	312.26075	Spectrogram 1	1	20	2000	POS
1429	314.66075	314.96075	Spectrogram 1	1	20	2000	POS
1430	315.26075	315.56075	Spectrogram 1	1	20	2000	POS
1431	316.16075	316.76075	Spectrogram 1	1	20	2000	POS
1432	321.26075	321.56075	Spectrogram 1	1	20	2000	POS
1433	322.16075	322.46075	Spectrogram 1	1	20	2000	POS
1434	323.66075	323.96075	Spectrogram 1	1	20	2000	POS
1435	325.76075	326.06075	Spectrogram 1	1	20	2000	POS
1436	328.16075	328.46075	Spectrogram 1	1	20	2000	POS
1437	329.06075	329.66075	Spectrogram 1	1	20	2000	POS
1438	330.26075	330.56075	Spectrogram 1	1	20	2000	POS
1439	330.86075	332.36075	Spectrogram 1	1	20	2000	POS
1440	332.66075	333.26075	Spectrogram 1	1	20	2000	POS
1441	333.56075	333.86075	Spectrogram 1	1	20	2000	POS
1442	334.16075	334.46075	Spectrogram 1	1	20	2000	POS
1443	334.76075	335.06075	Spectrogram 1	1	20	2000	POS
1444	335.96075	336.26075	Spectrogram 1	1	20	2000	POS
1445	336.56075	338.06075	Spectrogram 1	1	20	2000	POS
1446	338.66075	339.26075	Spectrogram 1	1	20	2000	POS
1447	339.56075	340.46075	Spectrogram 1	1	20	2000	POS
1448	341.36075	342.26075	Spectrogram 1	1	20	2000	POS
1449	342.56075	343.76075	Spectrogram 1	1	20	2000	POS
1450	344.06075	344.66075	Spectrogram 1	1	20	2000	POS
1451	344.96075	345.56075	Spectrogram 1	1	20	2000	POS
1452	346.16075	347.06075	Spectrogram 1	1	20	2000	POS
1453	347.66075	348.56075	Spectrogram 1	1	20	2000	POS
1454	349.76075	350.06075	Spectrogram 1	1	20	2000	POS
1455	350.36075	350.66075	Spectrogram 1	1	20	2000	POS
1456	350.96075	351.56075	Spectrogram 1	1	20	2000	POS
1457	351.86075	352.16075	Spectrogram 1	1	20	2000	POS
1458	353.06075	353.36075	Spectrogram 1	1	20	2000	POS
1459	355.76075	356.36075	Spectrogram 1	1	20	2000	POS
1460	356.96075	357.26075	Spectrogram 1	1	20	2000	POS
1461	357.56075	357.86075	Spectrogram 1	1	20	2000	POS
1462	358.16075	358.46075	Spectrogram 1	1	20	2000	POS
1463	358.76075	359.06075	Spectrogram 1	1	20	2000	POS
1464	359.36075	359.66075	Spectrogram 1	1	20	2000	POS
1465	361.46075	362.06075	Spectrogram 1	1	20	2000	POS
1466	363.86075	364.16075	Spectrogram 1	1	20	2000	POS
1467	364.76075	365.06075	Spectrogram 1	1	20	2000	POS
1468	365.36075	365.96075	Spectrogram 1	1	20	2000	POS
1469	367.16075	367.76075	Spectrogram 1	1	20	2000	POS
1470	368.66075	368.96075	Spectrogram 1	1	20	2000	POS
1471	372.56075	372.86075	Spectrogram 1	1	20	2000	POS
1472	373.16075	373.46075	Spectrogram 1	1	20	2000	POS
1473	374.06075	374.36075	Spectrogram 1	1	20	2000	POS
1474	374.66075	375.56075	Spectrogram 1	1	20	2000	POS
1475	376.46075	376.76075	Spectrogram 1	1	20	2000	POS
1476	377.36075	377.66075	Spectrogram 1	1	20	2000	POS
1477	377.96075	378.26075	Spectrogram 1	1	20	2000	POS
1478	382.46075	382.76075	Spectrogram 1	1	20	2000	POS
1479	387.86075	388.16075	Spectrogram 1	1	20	2000	POS
1480	388.46075	388.76075	Spectrogram 1	1	20	2000	POS
1481	389.06075	389.36075	Spectrogram 1	1	20	2000	POS
1482	389.66075	389.96075	Spectrogram 1	1	20	2000	POS
1483	390.86075	391.16075	Spectrogram 1	1	20	2000	POS
1484	392.66075	392.96075	Spectrogram 1	1	20	2000	POS
1485	394.46075	394.76075	Spectrogram 1	1	20	2000	POS
1486	395.36075	395.66075	Spectrogram 1	1	20	2000	POS
1487	396.26075	396.56075	Spectrogram 1	1	20	2000	POS
1488	397.76075	398.06075	Spectrogram 1	1	20	2000	POS
1489	398.66075	398.96075	Spectrogram 1	1	20	2000	POS
1490	400.16075	400.46075	Spectrogram 1	1	20	2000	POS
1491	400.76075	401.06075	Spectrogram 1	1	20	2000	POS
1492	403.46075	404.06075	Spectrogram 1	1	20	2000	POS
1493	404.36075	404.66075	Spectrogram 1	1	20	2000	POS
1494	404.96075	405.56075	Spectrogram 1	1	20	2000	POS
1495	407.06075	407.36075	Spectrogram 1	1	20	2000	POS
1496	409.16075	409.46075	Spectrogram 1	1	20	2000	POS
1497	410.66075	410.96075	Spectrogram 1	1	20	2000	POS
1498	411.56075	411.86075	Spectrogram 1	1	20	2000	POS
1499	413.36075	413.66075	Spectrogram 1	1	20	2000	POS
1500	413.96075	414.26075	Spectrogram 1	1	20	2000	POS
1501	415.16075	415.76075	Spectrogram 1	1	20	2000	POS
1502	416.66075	417.56075	Spectrogram 1	1	20	2000	POS
1503	417.86075	418.16075	Spectrogram 1	1	20	2000	POS
1504	419.36075	419.66075	Spectrogram 1	1	20	2000	POS
1505	421.76075	422.06075	Spectrogram 1	1	20	2000	POS
1506	424.16075	424.46075	Spectrogram 1	1	20	2000	POS
1507	425.66075	425.96075	Spectrogram 1	1	20	2000	POS
1508	426.56075	426.86075	Spectrogram 1	1	20	2000	POS
1509	427.16075	427.46075	Spectrogram 1	1	20	2000	POS
1510	427.76075	428.36075	Spectrogram 1	1	20	2000	POS
1511	428.96075	430.16075	Spectrogram 1	1	20	2000	POS
1512	434.96075	435.26075	Spectrogram 1	1	20	2000	POS
1513	436.76075	437.96075	Spectrogram 1	1	20	2000	POS
1514	438.86075	439.16075	Spectrogram 1	1	20	2000	POS
1515	439.76075	440.06075	Spectrogram 1	1	20	2000	POS
1516	441.86075	442.16075	Spectrogram 1	1	20	2000	POS
1517	442.76075	443.06075	Spectrogram 1	1	20	2000	POS
1518	445.46075	446.06075	Spectrogram 1	1	20	2000	POS
1519	446.36075	446.96075	Spectrogram 1	1	20	2000	POS
1520	448.46075	449.36075	Spectrogram 1	1	20	2000	POS
1521	449.66075	449.96075	Spectrogram 1	1	20	2000	POS
1522	451.46075	452.06075	Spectrogram 1	1	20	2000	POS
1523	453.26075	453.56075	Spectrogram 1	1	20	2000	POS
1524	455.66075	456.26075	Spectrogram 1	1	20	2000	POS
1525	456.56075	456.86075	Spectrogram 1	1	20	2000	POS
1526	457.16075	457.46075	Spectrogram 1	1	20	2000	POS
1527	458.36075	458.66075	Spectrogram 1	1	20	2000	POS
1528	459.56075	459.86075	Spectrogram 1	1	20	2000	POS
1529	460.16075	460.46075	Spectrogram 1	1	20	2000	POS
1530	461.06075	461.66075	Spectrogram 1	1	20	2000	POS
1531	463.76075	464.06075	Spectrogram 1	1	20	2000	POS
1532	466.16075	466.76075	Spectrogram 1	1	20	2000	POS
1533	467.06075	467.96075	Spectrogram 1	1	20	2000	POS
1534	468.26075	468.56075	Spectrogram 1	1	20	2000	POS
1535	470.36075	470.66075	Spectrogram 1	1	20	2000	POS
1536	472.46075	473.66075	Spectrogram 1	1	20	2000	POS
1537	473.96075	474.26075	Spectrogram 1	1	20	2000	POS
1538	474.56075	475.46075	Spectrogram 1	1	20	2000	POS
1539	480.26075	480.56075	Spectrogram 1	1	20	2000	POS
1540	480.86075	481.76075	Spectrogram 1	1	20	2000	POS
1541	482.96075	483.56075	Spectrogram 1	1	20	2000	POS
1542	483.86075	484.16075	Spectrogram 1	1	20	2000	POS
1543	485.06075	485.36075	Spectrogram 1	1	20	2000	POS
1544	486.56075	486.86075	Spectrogram 1	1	20	2000	POS
1545	487.46075	487.76075	Spectrogram 1	1	20	2000	POS
1546	488.96075	489.26075	Spectrogram 1	1	20	2000	POS
1547	490.16075	490.76075	Spectrogram 1	1	20	2000	POS
1548	492.56075	493.16075	Spectrogram 1	1	20	2000	POS
1549	493.46075	493.76075	Spectrogram 1	1	20	2000	POS
1550	494.06075	494.36075	Spectrogram 1	1	20	2000	POS
1551	494.66075	494.96075	Spectrogram 1	1	20	2000	POS
1552	497.06075	497.66075	Spectrogram 1	1	20	2000	POS
1553	498.56075	499.46075	Spectrogram 1	1	20	2000	POS
1554	500.36075	500.66075	Spectrogram 1	1	20	2000	POS
1555	500.96075	501.26075	Spectrogram 1	1	20	2000	POS
1556	501.86075	502.16075	Spectrogram 1	1	20	2000	POS
1557	503.36075	503.66075	Spectrogram 1	1	20	2000	POS
1558	504.86075	505.16075	Spectrogram 1	1	20	2000	POS
1559	508.16075	508.46075	Spectrogram 1	1	20	2000	POS
1560	509.06075	509.66075	Spectrogram 1	1	20	2000	POS
1561	510.26075	510.56075	Spectrogram 1	1	20	2000	POS
1562	511.76075	512.06075	Spectrogram 1	1	20	2000	POS
1563	512.3607499999999	512.66075	Spectrogram 1	1	20	2000	POS
1564	513.8607499999999	514.16075	Spectrogram 1	1	20	2000	POS
1565	515.3607499999999	515.66075	Spectrogram 1	1	20	2000	POS
1566	516.2607499999999	516.8607499999999	Spectrogram 1	1	20	2000	POS
1567	517.16075	517.46075	Spectrogram 1	1	20	2000	POS
1568	518.06075	518.66075	Spectrogram 1	1	20	2000	POS
1569	519.56075	519.8607499999999	Spectrogram 1	1	20	2000	POS
1570	520.46075	520.7607499999999	Spectrogram 1	1	20	2000	POS
1571	521.66075	521.96075	Spectrogram 1	1	20	2000	POS
1572	523.7607499999999	524.3607499999999	Spectrogram 1	1	20	2000	POS
1573	526.16075	527.96075	Spectrogram 1	1	20	2000	POS
1574	528.8607499999999	529.7607499999999	Spectrogram 1	1	20	2000	POS
1575	530.66075	531.2607499999999	Spectrogram 1	1	20	2000	POS
1576	531.56075	531.8607499999999	Spectrogram 1	1	20	2000	POS
1577	533.06075	533.3607499999999	Spectrogram 1	1	20	2000	POS
1578	534.2607499999999	534.56075	Spectrogram 1	1	20	2000	POS
1579	536.06075	536.3607499999999	Spectrogram 1	1	20	2000	POS
1580	536.66075	536.96075	Spectrogram 1	1	20	2000	POS
1581	537.8607499999999	538.16075	Spectrogram 1	1	20	2000	POS
1582	539.3607499999999	539.96075	Spectrogram 1	1	20	2000	POS
1583	541.76075	542.3607499999999	Spectrogram 1	1	20	2000	POS
1584	542.96075	543.56075	Spectrogram 1	1	20	2000	POS
1585	544.46075	545.06075	Spectrogram 1	1	20	2000	POS
1586	545.66075	545.96075	Spectrogram 1	1	20	2000	POS
1587	546.26075	546.8607499999999	Spectrogram 1	1	20	2000	POS
1588	547.16075	548.06075	Spectrogram 1	1	20	2000	POS
1589	548.96075	549.26075	Spectrogram 1	1	20	2000	POS
1590	549.8607499999999	550.16075	Spectrogram 1	1	20	2000	POS
1591	551.3607499999999	551.66075	Spectrogram 1	1	20	2000	POS
1592	551.96075	552.8607499999999	Spectrogram 1	1	20	2000	POS
1593	554.96075	555.26075	Spectrogram 1	1	20	2000	POS
1594	555.56075	555.8607499999999	Spectrogram 1	1	20	2000	POS
1595	556.16075	557.06075	Spectrogram 1	1	20	2000	POS
1596	559.46075	559.76075	Spectrogram 1	1	20	2000	POS
1597	564.26075	564.56075	Spectrogram 1	1	20	2000	POS
1598	566.06075	566.3607499999999	Spectrogram 1	1	20	2000	POS
1599	566.66075	566.96075	Spectrogram 1	1	20	2000	POS
1600	567.56075	567.8607499999999	Spectrogram 1	1	20	2000	POS
1601	568.46075	569.06075	Spectrogram 1	1	20	2000	POS
1602	569.96075	570.26075	Spectrogram 1	1	20	2000	POS
1603	572.3607499999999	572.66075	Spectrogram 1	1	20	2000	POS
1604	578.66075	579.8607499999999	Spectrogram 1	1	20	2000	POS
1605	582.56075	582.8607499999999	Spectrogram 1	1	20	2000	POS
1606	583.16075	583.46075	Spectrogram 1	1	20	2000	POS
1607	588.56075	588.8607499999999	Spectrogram 1	1	20	2000	POS
1608	589.76075	590.96075	Spectrogram 1	1	20	2000	POS
1609	591.56075	591.8607499999999	Spectrogram 1	1	20	2000	POS
1610	593.3607499999999	593.96075	Spectrogram 1	1	20	2000	POS
1611	594.8607499999999	595.16075	Spectrogram 1	1	20	2000	POS
1612	595.46075	595.76075	Spectrogram 1	1	20	2000	POS
1613	597.26075	597.56075	Spectrogram 1	1	20	2000	POS
1614	597.8607499999999	598.16075	Spectrogram 1	1	20	2000	POS
1615	599.06075	600.26075	Spectrogram 1	1	20	2000	POS
1616	600.56075	600.8607499999999	Spectrogram 1	1	20	2000	POS
1617	601.16075	601.46075	Spectrogram 1	1	20	2000	POS
1618	602.3607499999999	602.66075	Spectrogram 1	1	20	2000	POS
1619	606.26075	606.56075	Spectrogram 1	1	20	2000	POS
1620	611.3607499999999	611.66075	Spectrogram 1	1	20	2000	POS
1621	612.56075	613.16075	Spectrogram 1	1	20	2000	POS
1622	613.46075	614.06075	Spectrogram 1	1	20	2000	POS
1623	614.3607499999999	614.66075	Spectrogram 1	1	20	2000	POS
1624	615.56075	615.8607499999999	Spectrogram 1	1	20	2000	POS
1625	616.16075	616.46075	Spectrogram 1	1	20	2000	POS
1626	617.3607499999999	617.96075	Spectrogram 1	1	20	2000	POS
1627	618.56075	619.16075	Spectrogram 1	1	20	2000	POS
1628	619.46075	620.06075	Spectrogram 1	1	20	2000	POS
1629	620.96075	621.26075	Spectrogram 1	1	20	2000	POS
1630	623.96075	624.26075	Spectrogram 1	1	20	2000	POS
1631	627.8607499999999	628.16075	Spectrogram 1	1	20	2000	POS
1632	629.66075	629.96075	Spectrogram 1	1	20	2000	POS
1633	632.66075	632.96075	Spectrogram 1	1	20	2000	POS
1634	638.96075	639.26075	Spectrogram 1	1	20	2000	POS
1635	644.3607499999999	644.66075	Spectrogram 1	1	20	2000	POS
1636	645.56075	645.8607499999999	Spectrogram 1	1	20	2000	POS
1637	646.16075	646.46075	Spectrogram 1	1	20	2000	POS
1638	646.76075	647.06075	Spectrogram 1	1	20	2000	POS
1639	647.66075	647.96075	Spectrogram 1	1	20	2000	POS
1640	650.06075	650.66075	Spectrogram 1	1	20	2000	POS
1641	650.96075	651.26075	Spectrogram 1	1	20	2000	POS
1642	652.16075	652.76075	Spectrogram 1	1	20	2000	POS
1643	656.06075	656.3607499999999	Spectrogram 1	1	20	2000	POS
1644	656.96075	657.26075	Spectrogram 1	1	20	2000	POS
1645	658.76075	659.06075	Spectrogram 1	1	20	2000	POS
1646	661.76075	662.06075	Spectrogram 1	1	20	2000	POS
1647	662.66075	662.96075	Spectrogram 1	1	20	2000	POS
1648	663.26075	663.56075	Spectrogram 1	1	20	2000	POS
1649	663.8607499999999	664.16075	Spectrogram 1	1	20	2000	POS
1650	665.06075	665.3607499999999	Spectrogram 1	1	20	2000	POS
1651	665.66075	665.96075	Spectrogram 1	1	20	2000	POS
1652	666.8607499999999	667.16075	Spectrogram 1	1	20	2000	POS
1653	668.06075	668.3607499999999	Spectrogram 1	1	20	2000	POS
1654	669.8607499999999	670.16075	Spectrogram 1	1	20	2000	POS
1655	670.76075	671.06075	Spectrogram 1	1	20	2000	POS
1656	672.26075	672.8607499999999	Spectrogram 1	1	20	2000	POS
1657	673.76075	674.06075	Spectrogram 1	1	20	2000	POS
1658	674.3607499999999	674.66075	Spectrogram 1	1	20	2000	POS
1659	676.76075	677.06075	Spectrogram 1	1	20	2000	POS
1660	678.8607499999999	679.46075	Spectrogram 1	1	20	2000	POS
1661	680.3607499999999	680.66075	Spectrogram 1	1	20	2000	POS
1662	681.56075	681.8607499999999	Spectrogram 1	1	20	2000	POS
1663	682.16075	682.46075	Spectrogram 1	1	20	2000	POS
1664	682.76075	683.3607499999999	Spectrogram 1	1	20	2000	POS
1665	686.3607499999999	686.96075	Spectrogram 1	1	20	2000	POS
1666	687.56075	687.8607499999999	Spectrogram 1	1	20	2000	POS
1667	688.76075	689.3607499999999	Spectrogram 1	1	20	2000	POS
1668	690.56075	690.8607499999999	Spectrogram 1	1	20	2000	POS
1669	695.96075	696.56075	Spectrogram 1	1	20	2000	POS
1670	698.66075	698.96075	Spectrogram 1	1	20	2000	POS
1671	700.16075	700.46075	Spectrogram 1	1	20	2000	POS
1672	701.66075	701.96075	Spectrogram 1	1	20	2000	POS
1673	702.26075	702.56075	Spectrogram 1	1	20	2000	POS
1674	703.16075	703.76075	Spectrogram 1	1	20	2000	POS
1675	704.3607499999999	704.66075	Spectrogram 1	1	20	2000	POS
1676	707.06075	707.3607499999999	Spectrogram 1	1	20	2000	POS
1677	708.56075	708.8607499999999	Spectrogram 1	1	20	2000	POS
1678	709.16075	709.46075	Spectrogram 1	1	20	2000	POS
1679	710.96075	711.26075	Spectrogram 1	1	20	2000	POS
1680	713.06075	713.96075	Spectrogram 1	1	20	2000	POS
1681	715.46075	715.76075	Spectrogram 1	1	20	2000	POS
1682	716.06075	716.66075	Spectrogram 1	1	20	2000	POS
1683	717.56075	718.16075	Spectrogram 1	1	20	2000	POS
1684	718.46075	718.76075	Spectrogram 1	1	20	2000	POS
1685	720.56075	720.8607499999999	Spectrogram 1	1	20	2000	POS
1686	721.46075	721.76075	Spectrogram 1	1	20	2000	POS
1687	723.8607499999999	724.16075	Spectrogram 1	1	20	2000	POS
1688	724.46075	724.76075	Spectrogram 1	1	20	2000	POS
1689	725.3607499999999	725.66075	Spectrogram 1	1	20	2000	POS
1690	728.66075	728.96075	Spectrogram 1	1	20	2000	POS
1691	729.26075	729.56075	Spectrogram 1	1	20	2000	POS
1692	730.46075	730.76075	Spectrogram 1	1	20	2000	POS
1693	733.16075	733.76075	Spectrogram 1	1	20	2000	POS
1694	734.66075	734.96075	Spectrogram 1	1	20	2000	POS
1695	738.26075	738.56075	Spectrogram 1	1	20	2000	POS
1696	739.46075	739.76075	Spectrogram 1	1	20	2000	POS
1697	741.26075	741.56075	Spectrogram 1	1	20	2000	POS
1698	741.8607499999999	742.16075	Spectrogram 1	1	20	2000	POS
1699	743.3607499999999	743.66075	Spectrogram 1	1	20	2000	POS
1700	744.26075	745.16075	Spectrogram 1	1	20	2000	POS
1701	746.66075	747.56075	Spectrogram 1	1	20	2000	POS
1702	748.46075	748.76075	Spectrogram 1	1	20	2000	POS
1703	749.06075	749.3607499999999	Spectrogram 1	1	20	2000	POS
1704	750.56075	750.8607499999999	Spectrogram 1	1	20	2000	POS
1705	751.16075	751.46075	Spectrogram 1	1	20	2000	POS
1706	752.66075	753.8607499999999	Spectrogram 1	1	20	2000	POS
1707	754.76075	755.06075	Spectrogram 1	1	20	2000	POS
1708	755.66075	755.96075	Spectrogram 1	1	20	2000	POS
1709	757.76075	758.06075	Spectrogram 1	1	20	2000	POS
1710	758.66075	758.96075	Spectrogram 1	1	20	2000	POS
1711	759.8607499999999	760.16075	Spectrogram 1	1	20	2000	POS
1712	760.46075	760.76075	Spectrogram 1	1	20	2000	POS
1713	762.26075	762.56075	Spectrogram 1	1	20	2000	POS
1714	763.76075	764.06075	Spectrogram 1	1	20	2000	POS
1715	764.3607499999999	764.96075	Spectrogram 1	1	20	2000	POS
1716	765.26075	765.56075	Spectrogram 1	1	20	2000	POS
1717	766.46075	766.76075	Spectrogram 1	1	20	2000	POS
1718	767.3607499999999	768.56075	Spectrogram 1	1	20	2000	POS
1719	769.46075	769.76075	Spectrogram 1	1	20	2000	POS
1720	770.66075	771.56075	Spectrogram 1	1	20	2000	POS
1721	775.46075	775.76075	Spectrogram 1	1	20	2000	POS
1722	777.26075	777.56075	Spectrogram 1	1	20	2000	POS
1723	777.8607499999999	778.16075	Spectrogram 1	1	20	2000	POS
1724	779.96075	780.26075	Spectrogram 1	1	20	2000	POS
1725	781.46075	782.06075	Spectrogram 1	1	20	2000	POS
1726	784.16075	784.46075	Spectrogram 1	1	20	2000	POS
1727	785.06075	785.3607499999999	Spectrogram 1	1	20	2000	POS
1728	786.56075	786.8607499999999	Spectrogram 1	1	20	2000	POS
1729	788.06075	788.3607499999999	Spectrogram 1	1	20	2000	POS
1730	789.56075	789.8607499999999	Spectrogram 1	1	20	2000	POS
1731	791.96075	792.56075	Spectrogram 1	1	20	2000	POS
1732	792.8607499999999	793.16075	Spectrogram 1	1	20	2000	POS
1733	793.46075	793.76075	Spectrogram 1	1	20	2000	POS
1734	794.66075	794.96075	Spectrogram 1	1	20	2000	POS
1735	796.76075	797.06075	Spectrogram 1	1	20	2000	POS
1736	798.8607499999999	799.16075	Spectrogram 1	1	20	2000	POS
1737	800.06075	800.96075	Spectrogram 1	1	20	2000	POS
1738	802.46075	802.76075	Spectrogram 1	1	20	2000	POS
1739	803.66075	803.96075	Spectrogram 1	1	20	2000	POS
1740	805.46075	805.76075	Spectrogram 1	1	20	2000	POS
1741	806.3607499999999	807.26075	Spectrogram 1	1	20	2000	POS
1742	809.96075	810.26075	Spectrogram 1	1	20	2000	POS
1743	811.46075	811.76075	Spectrogram 1	1	20	2000	POS
1744	812.66075	812.96075	Spectrogram 1	1	20	2000	POS
1745	813.8607499999999	814.16075	Spectrogram 1	1	20	2000	POS
1746	814.46075	814.76075	Spectrogram 1	1	20	2000	POS
1747	815.06075	815.3607499999999	Spectrogram 1	1	20	2000	POS
1748	815.66075	816.26075	Spectrogram 1	1	20	2000	POS
1749	820.76075	821.06075	Spectrogram 1	1	20	2000	POS
1750	825.26075	825.56075	Spectrogram 1	1	20	2000	POS
1751	827.66075	827.96075	Spectrogram 1	1	20	2000	POS
1752	828.56075	828.8607499999999	Spectrogram 1	1	20	2000	POS
1753	829.16075	829.46075	Spectrogram 1	1	20	2000	POS
1754	831.8607499999999	832.16075	Spectrogram 1	1	20	2000	POS
1755	832.46075	832.76075	Spectrogram 1	1	20	2000	POS
1756	833.06075	833.66075	Spectrogram 1	1	20	2000	POS
1757	834.56075	834.8607499999999	Spectrogram 1	1	20	2000	POS
1758	836.3607499999999	836.66075	Spectrogram 1	1	20	2000	POS
1759	837.26075	837.8607499999999	Spectrogram 1	1	20	2000	POS
1760	838.46075	838.76075	Spectrogram 1	1	20	2000	POS
1761	839.66075	839.96075	Spectrogram 1	1	20	2000	POS
1762	840.56075	840.8607499999999	Spectrogram 1	1	20	2000	POS
1763	842.06075	842.3607499999999	Spectrogram 1	1	20	2000	POS
1764	842.66075	842.96075	Spectrogram 1	1	20	2000	POS
1765	843.26075	843.56075	Spectrogram 1	1	20	2000	POS
1766	844.16075	844.46075	Spectrogram 1	1	20	2000	POS
1767	845.06075	845.3607499999999	Spectrogram 1	1	20	2000	POS
1768	846.8607499999999	847.46075	Spectrogram 1	1	20	2000	POS
1769	849.26075	849.56075	Spectrogram 1	1	20	2000	POS
1770	849.8607499999999	850.46075	Spectrogram 1	1	20	2000	POS
1771	850.76075	851.06075	Spectrogram 1	1	20	2000	POS
1772	851.3607499999999	851.96075	Spectrogram 1	1	20	2000	POS
1773	852.56075	852.8607499999999	Spectrogram 1	1	20	2000	POS
1774	856.46075	856.76075	Spectrogram 1	1	20	2000	POS
1775	857.06075	857.96075	Spectrogram 1	1	20	2000	POS
1776	858.8607499999999	859.16075	Spectrogram 1	1	20	2000	POS
1777	860.3607499999999	860.96075	Spectrogram 1	1	20	2000	POS
1778	861.26075	861.56075	Spectrogram 1	1	20	2000	POS
1779	863.06075	863.3607499999999	Spectrogram 1	1	20	2000	POS
1780	864.26075	864.8607499999999	Spectrogram 1	1	20	2000	POS
1781	866.06075	866.3607499999999	Spectrogram 1	1	20	2000	POS
1782	867.56075	868.16075	Spectrogram 1	1	20	2000	POS
1783	868.46075	868.76075	Spectrogram 1	1	20	2000	POS
1784	870.8607499999999	871.16075	Spectrogram 1	1	20	2000	POS
1785	871.76075	872.06075	Spectrogram 1	1	20	2000	POS
1786	872.3607499999999	873.26075	Spectrogram 1	1	20	2000	POS
1787	874.16075	874.46075	Spectrogram 1	1	20	2000	POS
1788	875.3607499999999	875.66075	Spectrogram 1	1	20	2000	POS
1789	876.8607499999999	877.46075	Spectrogram 1	1	20	2000	POS
1790	878.66075	878.96075	Spectrogram 1	1	20	2000	POS
1791	879.26075	879.8607499999999	Spectrogram 1	1	20	2000	POS
1792	882.8607499999999	883.16075	Spectrogram 1	1	20	2000	POS
1793	883.76075	884.06075	Spectrogram 1	1	20	2000	POS
1794	884.96075	885.26075	Spectrogram 1	1	20	2000	POS
1795	885.8607499999999	886.46075	Spectrogram 1	1	20	2000	POS
1796	886.76075	887.06075	Spectrogram 1	1	20	2000	POS
1797	887.3607499999999	887.66075	Spectrogram 1	1	20	2000	POS
1798	887.96075	888.56075	Spectrogram 1	1	20	2000	POS
1799	889.16075	889.46075	Spectrogram 1	1	20	2000	POS
1800	889.76075	890.3607499999999	Spectrogram 1	1	20	2000	POS
1801	892.46075	892.76075	Spectrogram 1	1	20	2000	POS
1802	893.66075	893.96075	Spectrogram 1	1	20	2000	POS
1803	895.16075	896.3607499999999	Spectrogram 1	1	20	2000	POS
1804	896.96075	897.8607499999999	Spectrogram 1	1	20	2000	POS
1805	898.76075	899.06075	Spectrogram 1	1	20	2000	POS
1806	900.86075	901.16075	Spectrogram 1	1	20	2000	POS
1807	901.46075	902.06075	Spectrogram 1	1	20	2000	POS
1808	902.96075	903.26075	Spectrogram 1	1	20	2000	POS
1809	903.56075	903.86075	Spectrogram 1	1	20	2000	POS
1810	905.36075	905.66075	Spectrogram 1	1	20	2000	POS
1811	907.16075	907.46075	Spectrogram 1	1	20	2000	POS
1812	908.06075	908.36075	Spectrogram 1	1	20	2000	POS
1813	908.66075	908.96075	Spectrogram 1	1	20	2000	POS
1814	909.26075	909.56075	Spectrogram 1	1	20	2000	POS
1815	911.36075	911.96075	Spectrogram 1	1	20	2000	POS
1816	912.56075	912.86075	Spectrogram 1	1	20	2000	POS
1817	914.66075	914.96075	Spectrogram 1	1	20	2000	POS
1818	915.26075	915.56075	Spectrogram 1	1	20	2000	POS
1819	916.76075	917.06075	Spectrogram 1	1	20	2000	POS
1820	917.36075	917.66075	Spectrogram 1	1	20	2000	POS
1821	919.16075	919.46075	Spectrogram 1	1	20	2000	POS
1822	922.46075	923.06075	Spectrogram 1	1	20	2000	POS
1823	923.36075	923.96075	Spectrogram 1	1	20	2000	POS
1824	926.06075	926.36075	Spectrogram 1	1	20	2000	POS
1825	926.66075	927.26075	Spectrogram 1	1	20	2000	POS
1826	927.86075	928.16075	Spectrogram 1	1	20	2000	POS
1827	929.66075	930.26075	Spectrogram 1	1	20	2000	POS
1828	932.36075	932.66075	Spectrogram 1	1	20	2000	POS
1829	932.96075	933.56075	Spectrogram 1	1	20	2000	POS
1830	934.46075	935.06075	Spectrogram 1	1	20	2000	POS
1831	935.66075	935.96075	Spectrogram 1	1	20	2000	POS
1832	937.46075	937.76075	Spectrogram 1	1	20	2000	POS
1833	938.06075	938.36075	Spectrogram 1	1	20	2000	POS
1834	938.66075	938.96075	Spectrogram 1	1	20	2000	POS
1835	939.26075	939.56075	Spectrogram 1	1	20	2000	POS
1836	940.46075	940.76075	Spectrogram 1	1	20	2000	POS
1837	941.06075	941.66075	Spectrogram 1	1	20	2000	POS
1838	943.46075	943.76075	Spectrogram 1	1	20	2000	POS
1839	944.36075	944.66075	Spectrogram 1	1	20	2000	POS
1840	945.56075	946.46075	Spectrogram 1	1	20	2000	POS
1841	948.56075	949.16075	Spectrogram 1	1	20	2000	POS
1842	950.66075	950.96075	Spectrogram 1	1	20	2000	POS
1843	951.26075	951.56075	Spectrogram 1	1	20	2000	POS
1844	952.76075	953.06075	Spectrogram 1	1	20	2000	POS
1845	954.26075	954.56075	Spectrogram 1	1	20	2000	POS
1846	955.46075	955.76075	Spectrogram 1	1	20	2000	POS
1847	956.36075	956.96075	Spectrogram 1	1	20	2000	POS
1848	957.56075	958.46075	Spectrogram 1	1	20	2000	POS
1849	959.66075	960.26075	Spectrogram 1	1	20	2000	POS
1850	961.46075	962.36075	Spectrogram 1	1	20	2000	POS
1851	963.26075	964.76075	Spectrogram 1	1	20	2000	POS
1852	965.06075	965.66075	Spectrogram 1	1	20	2000	POS
1853	966.86075	967.16075	Spectrogram 1	1	20	2000	POS
1854	968.96075	969.26075	Spectrogram 1	1	20	2000	POS
1855	969.86075	970.16075	Spectrogram 1	1	20	2000	POS
1856	970.76075	971.06075	Spectrogram 1	1	20	2000	POS
1857	971.66075	972.26075	Spectrogram 1	1	20	2000	POS
1858	973.16075	973.46075	Spectrogram 1	1	20	2000	POS
1859	973.76075	974.36075	Spectrogram 1	1	20	2000	POS
1860	974.66075	974.96075	Spectrogram 1	1	20	2000	POS
1861	975.26075	975.86075	Spectrogram 1	1	20	2000	POS
1862	976.46075	977.66075	Spectrogram 1	1	20	2000	POS
1863	977.96075	978.26075	Spectrogram 1	1	20	2000	POS
1864	978.86075	979.16075	Spectrogram 1	1	20	2000	POS
1865	979.76075	980.06075	Spectrogram 1	1	20	2000	POS
1866	980.96075	981.26075	Spectrogram 1	1	20	2000	POS
1867	981.56075	982.16075	Spectrogram 1	1	20	2000	POS
1868	982.46075	982.76075	Spectrogram 1	1	20	2000	POS
1869	983.36075	983.96075	Spectrogram 1	1	20	2000	POS
1870	985.46075	985.76075	Spectrogram 1	1	20	2000	POS
1871	986.96075	987.26075	Spectrogram 1	1	20	2000	POS
1872	988.76075	989.06075	Spectrogram 1	1	20	2000	POS
1873	992.06075	992.36075	Spectrogram 1	1	20	2000	POS
1874	994.16075	994.46075	Spectrogram 1	1	20	2000	POS
1875	994.76075	995.06075	Spectrogram 1	1	20	2000	POS
1876	997.16075	997.46075	Spectrogram 1	1	20	2000	POS
1877	998.06075	998.66075	Spectrogram 1	1	20	2000	POS
1878	999.56075	1000.16075	Spectrogram 1	1	20	2000	POS
1879	1001.36075	1001.66075	Spectrogram 1	1	20	2000	POS
1880	1004.06075	1004.36075	Spectrogram 1	1	20	2000	POS
1881	1006.76075	1007.06075	Spectrogram 1	1	20	2000	POS
1882	1008.56075	1008.86075	Spectrogram 1	1	20	2000	POS
1883	1009.76075	1010.06075	Spectrogram 1	1	20	2000	POS
1884	1012.76075	1013.66075	Spectrogram 1	1	20	2000	POS
1885	1013.96075	1014.26075	Spectrogram 1	1	20	2000	POS
1886	1014.56075	1014.86075	Spectrogram 1	1	20	2000	POS
1887	1015.16075	1015.46075	Spectrogram 1	1	20	2000	POS
1888	1015.76075	1016.06075	Spectrogram 1	1	20	2000	POS
1889	1016.36075	1016.66075	Spectrogram 1	1	20	2000	POS
1890	1017.86075	1018.16075	Spectrogram 1	1	20	2000	POS
1891	1018.76075	1019.06075	Spectrogram 1	1	20	2000	POS
1892	1019.36075	1019.66075	Spectrogram 1	1	20	2000	POS
1893	1019.96075	1020.26075	Spectrogram 1	1	20	2000	POS
1894	1022.36075	1022.66075	Spectrogram 1	1	20	2000	POS
1895	1023.86075	1024.16075	Spectrogram 1	1	20	2000	POS
1896	1024.76075	1025.3607499999998	Spectrogram 1	1	20	2000	POS
1897	1025.96075	1026.26075	Spectrogram 1	1	20	2000	POS
1898	1026.56075	1026.8607499999998	Spectrogram 1	1	20	2000	POS
1899	1027.16075	1027.46075	Spectrogram 1	1	20	2000	POS
1900	1028.3607499999998	1028.66075	Spectrogram 1	1	20	2000	POS
1901	1028.96075	1029.26075	Spectrogram 1	1	20	2000	POS
1902	1031.06075	1031.3607499999998	Spectrogram 1	1	20	2000	POS
1903	1031.66075	1031.96075	Spectrogram 1	1	20	2000	POS
1904	1032.8607499999998	1033.46075	Spectrogram 1	1	20	2000	POS
1905	1034.66075	1034.96075	Spectrogram 1	1	20	2000	POS
1906	1036.46075	1036.76075	Spectrogram 1	1	20	2000	POS
1907	1037.66075	1037.96075	Spectrogram 1	1	20	2000	POS
1908	1038.26075	1038.8607499999998	Spectrogram 1	1	20	2000	POS
1909	1039.16075	1039.46075	Spectrogram 1	1	20	2000	POS
1910	1040.3607499999998	1040.66075	Spectrogram 1	1	20	2000	POS
1911	1040.96075	1041.56075	Spectrogram 1	1	20	2000	POS
1912	1042.46075	1043.3607499999998	Spectrogram 1	1	20	2000	POS
1913	1043.96075	1044.26075	Spectrogram 1	1	20	2000	POS
1914	1046.06075	1046.3607499999998	Spectrogram 1	1	20	2000	POS
1915	1046.96075	1047.26075	Spectrogram 1	1	20	2000	POS
1916	1048.76075	1049.06075	Spectrogram 1	1	20	2000	POS
1917	1049.3607499999998	1049.66075	Spectrogram 1	1	20	2000	POS
1918	1050.26075	1050.56075	Spectrogram 1	1	20	2000	POS
1919	1051.46075	1051.76075	Spectrogram 1	1	20	2000	POS
1920	1052.06075	1052.36075	Spectrogram 1	1	20	2000	POS
1921	1052.66075	1052.96075	Spectrogram 1	1	20	2000	POS
1922	1053.56075	1054.16075	Spectrogram 1	1	20	2000	POS
1923	1054.76075	1055.06075	Spectrogram 1	1	20	2000	POS
1924	1055.36075	1055.66075	Spectrogram 1	1	20	2000	POS
1925	1055.96075	1056.26075	Spectrogram 1	1	20	2000	POS
1926	1058.36075	1058.96075	Spectrogram 1	1	20	2000	POS
1927	1059.26075	1059.56075	Spectrogram 1	1	20	2000	POS
1928	1060.76075	1061.06075	Spectrogram 1	1	20	2000	POS
1929	1061.96075	1062.26075	Spectrogram 1	1	20	2000	POS
1930	1062.86075	1063.76075	Spectrogram 1	1	20	2000	POS
1931	1064.66075	1065.26075	Spectrogram 1	1	20	2000	POS
1932	1065.86075	1066.46075	Spectrogram 1	1	20	2000	POS
1933	1066.76075	1067.06075	Spectrogram 1	1	20	2000	POS
1934	1070.66075	1071.26075	Spectrogram 1	1	20	2000	POS
1935	1071.56075	1071.86075	Spectrogram 1	1	20	2000	POS
1936	1072.76075	1073.06075	Spectrogram 1	1	20	2000	POS
1937	1073.66075	1074.56075	Spectrogram 1	1	20	2000	POS
1938	1074.86075	1075.16075	Spectrogram 1	1	20	2000	POS
1939	1076.06075	1076.36075	Spectrogram 1	1	20	2000	POS
1940	1076.66075	1076.96075	Spectrogram 1	1	20	2000	POS
1941	1077.56075	1078.76075	Spectrogram 1	1	20	2000	POS
1942	1082.66075	1082.96075	Spectrogram 1	1	20	2000	POS
1943	1083.26075	1083.56075	Spectrogram 1	1	20	2000	POS
1944	1084.46075	1084.76075	Spectrogram 1	1	20	2000	POS
1945	1085.66075	1085.96075	Spectrogram 1	1	20	2000	POS
1946	1086.26075	1086.56075	Spectrogram 1	1	20	2000	POS
1947	1087.16075	1087.46075	Spectrogram 1	1	20	2000	POS
1948	1088.36075	1088.66075	Spectrogram 1	1	20	2000	POS
1949	1088.96075	1089.26075	Spectrogram 1	1	20	2000	POS
1950	1091.36075	1091.66075	Spectrogram 1	1	20	2000	POS
1951	1093.76075	1094.06075	Spectrogram 1	1	20	2000	POS
1952	1094.36075	1094.66075	Spectrogram 1	1	20	2000	POS
1953	1095.26075	1095.56075	Spectrogram 1	1	20	2000	POS
1954	1095.86075	1096.16075	Spectrogram 1	1	20	2000	POS
1955	1096.76075	1097.06075	Spectrogram 1	1	20	2000	POS
1956	1098.26075	1098.56075	Spectrogram 1	1	20	2000	POS
1957	1099.76075	1100.06075	Spectrogram 1	1	20	2000	POS
1958	1101.26075	1101.56075	Spectrogram 1	1	20	2000	POS
1959	1102.76075	1103.06075	Spectrogram 1	1	20	2000	POS
1960	1103.66075	1104.56075	Spectrogram 1	1	20	2000	POS
1961	1104.86075	1105.46075	Spectrogram 1	1	20	2000	POS
1962	1106.66075	1106.96075	Spectrogram 1	1	20	2000	POS
1963	1107.86075	1108.16075	Spectrogram 1	1	20	2000	POS
1964	1108.46075	1109.06075	Spectrogram 1	1	20	2000	POS
1965	1109.66075	1110.26075	Spectrogram 1	1	20	2000	POS
1966	1111.76075	1112.06075	Spectrogram 1	1	20	2000	POS
1967	1112.36075	1112.66075	Spectrogram 1	1	20	2000	POS
1968	1114.76075	1115.06075	Spectrogram 1	1	20	2000	POS
1969	1115.96075	1116.26075	Spectrogram 1	1	20	2000	POS
1970	1117.46075	1118.06075	Spectrogram 1	1	20	2000	POS
1971	1119.56075	1119.86075	Spectrogram 1	1	20	2000	POS
1972	1120.76075	1121.06075	Spectrogram 1	1	20	2000	POS
1973	1122.56075	1123.16075	Spectrogram 1	1	20	2000	POS
1974	1124.66075	1124.96075	Spectrogram 1	1	20	2000	POS
1975	1125.86075	1126.16075	Spectrogram 1	1	20	2000	POS
1976	1126.46075	1126.76075	Spectrogram 1	1	20	2000	POS
1977	1128.86075	1129.16075	Spectrogram 1	1	20	2000	POS
1978	1130.06075	1130.36075	Spectrogram 1	1	20	2000	POS
1979	1131.56075	1131.86075	Spectrogram 1	1	20	2000	POS
1980	1133.36075	1133.66075	Spectrogram 1	1	20	2000	POS
1981	1135.46075	1135.76075	Spectrogram 1	1	20	2000	POS
1982	1137.56075	1137.86075	Spectrogram 1	1	20	2000	POS
1983	1138.46075	1139.06075	Spectrogram 1	1	20	2000	POS
1984	1139.36075	1139.66075	Spectrogram 1	1	20	2000	POS
1985	1141.16075	1141.46075	Spectrogram 1	1	20	2000	POS
1986	1142.36075	1142.66075	Spectrogram 1	1	20	2000	POS
1987	1142.96075	1143.26075	Spectrogram 1	1	20	2000	POS
1988	1143.86075	1144.16075	Spectrogram 1	1	20	2000	POS
1989	1144.46075	1144.76075	Spectrogram 1	1	20	2000	POS
1990	1145.96075	1146.26075	Spectrogram 1	1	20	2000	POS
1991	1146.56075	1147.16075	Spectrogram 1	1	20	2000	POS
1992	1148.06075	1148.36075	Spectrogram 1	1	20	2000	POS
1993	1148.96075	1149.26075	Spectrogram 1	1	20	2000	POS
1994	1150.16075	1150.46075	Spectrogram 1	1	20	2000	POS
1995	1151.36075	1151.66075	Spectrogram 1	1	20	2000	POS
1996	1153.16075	1153.46075	Spectrogram 1	1	20	2000	POS
1997	1153.76075	1154.36075	Spectrogram 1	1	20	2000	POS
1998	1156.46075	1157.66075	Spectrogram 1	1	20	2000	POS
1999	1157.96075	1158.56075	Spectrogram 1	1	20	2000	POS
2000	1159.16075	1160.96075	Spectrogram 1	1	20	2000	POS
2001	1161.56075	1162.46075	Spectrogram 1	1	20	2000	POS
2002	1163.96075	1164.26075	Spectrogram 1	1	20	2000	POS
2003	1164.56075	1164.86075	Spectrogram 1	1	20	2000	POS
2004	1165.46075	1165.76075	Spectrogram 1	1	20	2000	POS
2005	1167.56075	1167.86075	Spectrogram 1	1	20	2000	POS
2006	1168.16075	1168.46075	Spectrogram 1	1	20	2000	POS
2007	1169.06075	1169.36075	Spectrogram 1	1	20	2000	POS
2008	1170.26075	1170.56075	Spectrogram 1	1	20	2000	POS
2009	1171.76075	1172.66075	Spectrogram 1	1	20	2000	POS
2010	1173.56075	1173.86075	Spectrogram 1	1	20	2000	POS
2011	1174.16075	1174.46075	Spectrogram 1	1	20	2000	POS
2012	1175.36075	1175.66075	Spectrogram 1	1	20	2000	POS
2013	1176.56075	1177.46075	Spectrogram 1	1	20	2000	POS
2014	1178.36075	1179.26075	Spectrogram 1	1	20	2000	POS
2015	1179.56075	1180.16075	Spectrogram 1	1	20	2000	POS
2016	1180.46075	1180.76075	Spectrogram 1	1	20	2000	POS
2017	1181.96075	1182.56075	Spectrogram 1	1	20	2000	POS
2018	1182.86075	1183.16075	Spectrogram 1	1	20	2000	POS
2019	1183.76075	1184.36075	Spectrogram 1	1	20	2000	POS
2020	1187.66075	1187.96075	Spectrogram 1	1	20	2000	POS
2021	1189.76075	1190.06075	Spectrogram 1	1	20	2000	POS
2022	1190.96075	1191.56075	Spectrogram 1	1	20	2000	POS
2023	1194.86075	1195.16075	Spectrogram 1	1	20	2000	POS
2024	1195.46075	1195.76075	Spectrogram 1	1	20	2000	POS
2025	1196.06075	1196.96075	Spectrogram 1	1	20	2000	POS
2026	1198.76075	1199.36075	Spectrogram 1	1	20	2000	POS
