Selection	Begin Time (s)	End Time (s)	View	Channel	Low Freq (Hz)	High Freq (Hz)	Type
1	660.136925	660.3077125000001	Spectrogram 1	1	20	2000	G
2	662.52795	662.6987375000001	Spectrogram 1	1	20	2000	G
3	664.5774	664.7481875000001	Spectrogram 1	1	20	2000	G
4	665.2605500000001	665.602125	Spectrogram 1	1	20	2000	G
5	667.99315	668.1639375000001	Spectrogram 1	1	20	2000	G
6	669.5302375	669.7010250000001	Spectrogram 1	1	20	2000	G
7	673.2875625	673.45835	Spectrogram 1	1	20	2000	G
8	676.5325250000001	676.7033125	Spectrogram 1	1	20	2000	G
9	677.0448875000001	677.3864625000001	Spectrogram 1	1	20	2000	G
10	678.9235500000001	679.0943375	Spectrogram 1	1	20	2000	G
11	679.4359125000001	679.6067	Spectrogram 1	1	20	2000	G
12	681.8269375000001	681.9977250000001	Spectrogram 1	1	20	2000	G
13	683.02245	683.1932375	Spectrogram 1	1	20	2000	G
14	684.3887500000001	684.5595375	Spectrogram 1	1	20	2000	G
15	690.3663125	690.7078875000001	Spectrogram 1	1	20	2000	G
16	691.9034	692.0741875000001	Spectrogram 1	1	20	2000	G
17	694.1236375000001	694.294425	Spectrogram 1	1	20	2000	G
18	695.8315125	696.0023000000001	Spectrogram 1	1	20	2000	G
19	698.393325	698.5641125000001	Spectrogram 1	1	20	2000	G
20	699.5888375000001	699.759625	Spectrogram 1	1	20	2000	G
21	703.8585250000001	704.0293125000001	Spectrogram 1	1	20	2000	G
22	704.3708875000001	704.7124625	Spectrogram 1	1	20	2000	G
23	704.8832500000001	705.0540375	Spectrogram 1	1	20	2000	G
24	705.9079750000001	706.0787625	Spectrogram 1	1	20	2000	G
25	708.1282125	708.2990000000001	Spectrogram 1	1	20	2000	G
26	710.006875	710.1776625	Spectrogram 1	1	20	2000	G
27	711.0316	711.2023875	Spectrogram 1	1	20	2000	G
28	712.7394750000001	713.08105	Spectrogram 1	1	20	2000	G
29	713.2518375000001	713.422625	Spectrogram 1	1	20	2000	G
30	718.5462500000001	718.7170375000001	Spectrogram 1	1	20	2000	G
31	719.5709750000001	719.7417625	Spectrogram 1	1	20	2000	G
32	720.7664875	720.937275	Spectrogram 1	1	20	2000	G
33	721.1080625000001	721.27885	Spectrogram 1	1	20	2000	G
34	722.8159375	723.1575125	Spectrogram 1	1	20	2000	G
35	725.2069625	725.719325	Spectrogram 1	1	20	2000	G
36	726.4024750000001	726.5732625	Spectrogram 1	1	20	2000	G
37	727.5979875	727.9395625000001	Spectrogram 1	1	20	2000	G
38	729.3058625000001	729.6474375	Spectrogram 1	1	20	2000	G
39	731.5261	731.6968875	Spectrogram 1	1	20	2000	G
40	732.0384625	732.20925	Spectrogram 1	1	20	2000	G
41	732.7216125	732.8924000000001	Spectrogram 1	1	20	2000	G
42	734.94185	735.2834250000001	Spectrogram 1	1	20	2000	G
43	736.1373625	736.4789375	Spectrogram 1	1	20	2000	G
44	737.5036625	737.67445	Spectrogram 1	1	20	2000	G
45	738.6991750000001	738.8699625	Spectrogram 1	1	20	2000	G
46	741.77335	742.1149250000001	Spectrogram 1	1	20	2000	G
47	745.1891	745.5306750000001	Spectrogram 1	1	20	2000	G
48	746.0430375000001	746.213825	Spectrogram 1	1	20	2000	G
49	749.1172125	749.288	Spectrogram 1	1	20	2000	G
50	750.1419375	750.312725	Spectrogram 1	1	20	2000	G
51	752.362175	752.5329625	Spectrogram 1	1	20	2000	G
52	753.2161125	753.3869000000001	Spectrogram 1	1	20	2000	G
53	755.094775	755.2655625	Spectrogram 1	1	20	2000	G
54	755.9487125	756.1195	Spectrogram 1	1	20	2000	G
55	756.9734375	757.144225	Spectrogram 1	1	20	2000	G
56	758.8521000000001	759.0228875	Spectrogram 1	1	20	2000	G
57	760.2184000000001	760.3891875	Spectrogram 1	1	20	2000	G
58	761.7554875000001	761.926275	Spectrogram 1	1	20	2000	G
59	763.1217875	763.292575	Spectrogram 1	1	20	2000	G
60	764.8296625	765.00045	Spectrogram 1	1	20	2000	G
61	765.8543875	766.025175	Spectrogram 1	1	20	2000	G
62	766.7083250000001	766.8791125	Spectrogram 1	1	20	2000	G
63	767.0499	767.391475	Spectrogram 1	1	20	2000	G
64	767.73305	767.9038375	Spectrogram 1	1	20	2000	G
65	768.5869875000001	768.757775	Spectrogram 1	1	20	2000	G
66	770.6364375	770.807225	Spectrogram 1	1	20	2000	G
67	770.9780125	771.1488	Spectrogram 1	1	20	2000	G
68	771.3195875	772.0027375000001	Spectrogram 1	1	20	2000	G
69	773.19825	773.3690375	Spectrogram 1	1	20	2000	G
70	775.7600625	775.9308500000001	Spectrogram 1	1	20	2000	G
71	777.4679375000001	777.9803	Spectrogram 1	1	20	2000	G
72	781.054475	781.3960500000001	Spectrogram 1	1	20	2000	G
73	781.9084125	782.420775	Spectrogram 1	1	20	2000	G
74	784.9825875	785.1533750000001	Spectrogram 1	1	20	2000	G
75	786.1781000000001	786.3488875	Spectrogram 1	1	20	2000	G
76	789.0814875000001	789.4230625	Spectrogram 1	1	20	2000	G
77	791.1309375000001	791.301725	Spectrogram 1	1	20	2000	G
78	792.8388125	793.0096000000001	Spectrogram 1	1	20	2000	G
79	795.2298375	795.400625	Spectrogram 1	1	20	2000	G
80	796.42535	796.5961375	Spectrogram 1	1	20	2000	G
81	797.2792875	797.450075	Spectrogram 1	1	20	2000	G
82	797.6208625	797.9624375000001	Spectrogram 1	1	20	2000	G
83	798.3040125	798.4748000000001	Spectrogram 1	1	20	2000	G
84	799.3287375	799.6703125	Spectrogram 1	1	20	2000	G
85	800.6950375	800.8658250000001	Spectrogram 1	1	20	2000	G
86	802.0613375	802.232125	Spectrogram 1	1	20	2000	G
87	803.94	804.1107875	Spectrogram 1	1	20	2000	G
88	804.62315	804.7939375000001	Spectrogram 1	1	20	2000	G
89	806.6726000000001	807.014175	Spectrogram 1	1	20	2000	G
90	807.1849625	807.3557500000001	Spectrogram 1	1	20	2000	G
91	807.5265375	807.6973250000001	Spectrogram 1	1	20	2000	G
92	807.8681125	808.0389	Spectrogram 1	1	20	2000	G
93	808.380475	808.7220500000001	Spectrogram 1	1	20	2000	G
94	809.7467750000001	809.9175625	Spectrogram 1	1	20	2000	G
95	811.113075	811.2838625	Spectrogram 1	1	20	2000	G
96	812.82095	812.9917375	Spectrogram 1	1	20	2000	G
97	813.845675	814.1872500000001	Spectrogram 1	1	20	2000	G
98	817.6030000000001	817.944575	Spectrogram 1	1	20	2000	G
99	819.310875	819.4816625000001	Spectrogram 1	1	20	2000	G
100	827.1671	827.3378875000001	Spectrogram 1	1	20	2000	G
101	831.0952125	831.2660000000001	Spectrogram 1	1	20	2000	G
102	833.657025	833.8278125	Spectrogram 1	1	20	2000	G
103	834.8525375	835.023325	Spectrogram 1	1	20	2000	G
104	836.04805	836.2188375000001	Spectrogram 1	1	20	2000	G
105	837.2435625	837.5851375	Spectrogram 1	1	20	2000	G
106	838.2682875	838.439075	Spectrogram 1	1	20	2000	G
107	839.9761625000001	840.3177375	Spectrogram 1	1	20	2000	G
108	842.7087625	842.87955	Spectrogram 1	1	20	2000	G
109	844.0750625000001	844.24585	Spectrogram 1	1	20	2000	G
110	845.7829375	845.9537250000001	Spectrogram 1	1	20	2000	G
111	847.4908125000001	847.8323875000001	Spectrogram 1	1	20	2000	G
112	848.34475	848.5155375	Spectrogram 1	1	20	2000	G
113	849.1986875	849.369475	Spectrogram 1	1	20	2000	G
114	851.7605000000001	851.9312875	Spectrogram 1	1	20	2000	G
115	853.1268	853.468375	Spectrogram 1	1	20	2000	G
116	854.4931	854.8346750000001	Spectrogram 1	1	20	2000	G
117	855.0054625	855.17625	Spectrogram 1	1	20	2000	G
118	856.0301875	856.200975	Spectrogram 1	1	20	2000	G
119	856.54255	856.884125	Spectrogram 1	1	20	2000	G
120	857.0549125	857.2257	Spectrogram 1	1	20	2000	G
121	857.7380625000001	857.90885	Spectrogram 1	1	20	2000	G
122	858.4212125	858.5920000000001	Spectrogram 1	1	20	2000	G
123	858.933575	859.1043625	Spectrogram 1	1	20	2000	G
124	860.6414500000001	860.8122375	Spectrogram 1	1	20	2000	G
125	862.1785375000001	862.349325	Spectrogram 1	1	20	2000	G
126	863.2032625	863.37405	Spectrogram 1	1	20	2000	G
127	866.4482250000001	866.6190125	Spectrogram 1	1	20	2000	G
128	867.131375	867.3021625	Spectrogram 1	1	20	2000	G
129	867.9853125	868.3268875	Spectrogram 1	1	20	2000	G
130	869.0100375000001	869.180825	Spectrogram 1	1	20	2000	G
131	869.863975	870.20555	Spectrogram 1	1	20	2000	G
132	871.913425	872.0842125	Spectrogram 1	1	20	2000	G
133	873.4505125000001	873.6213	Spectrogram 1	1	20	2000	G
134	874.8168125	874.9876	Spectrogram 1	1	20	2000	G
135	876.695475	876.8662625000001	Spectrogram 1	1	20	2000	G
136	879.428075	879.9404375	Spectrogram 1	1	20	2000	G
137	880.6235875	880.7943750000001	Spectrogram 1	1	20	2000	G
138	882.3314625	882.6730375	Spectrogram 1	1	20	2000	G
139	883.86855	884.0393375	Spectrogram 1	1	20	2000	G
140	884.7224875	884.893275	Spectrogram 1	1	20	2000	G
141	886.942725	887.1135125000001	Spectrogram 1	1	20	2000	G
142	888.6506	888.8213875	Spectrogram 1	1	20	2000	G
143	889.33375	889.5045375	Spectrogram 1	1	20	2000	G
144	889.8461125	890.0169000000001	Spectrogram 1	1	20	2000	G
145	894.2865875	894.6281625	Spectrogram 1	1	20	2000	G
146	895.6528875	895.8236750000001	Spectrogram 1	1	20	2000	G
147	896.6776125	896.8484000000001	Spectrogram 1	1	20	2000	G
148	898.0439125	898.3854875	Spectrogram 1	1	20	2000	G
149	900.9473	901.288875	Spectrogram 1	1	20	2000	G
150	902.3136	902.4843875	Spectrogram 1	1	20	2000	G
151	902.655175	902.8259625	Spectrogram 1	1	20	2000	G
152	903.1675375	903.338325	Spectrogram 1	1	20	2000	G
153	904.36305	904.5338375	Spectrogram 1	1	20	2000	G
154	905.387775	905.5585625	Spectrogram 1	1	20	2000	G
155	906.070925	906.4125	Spectrogram 1	1	20	2000	G
156	910.3406125	910.6821875	Spectrogram 1	1	20	2000	G
157	911.19455	911.3653375	Spectrogram 1	1	20	2000	G
158	911.7069125	911.8777	Spectrogram 1	1	20	2000	G
159	912.0484875	912.3900625	Spectrogram 1	1	20	2000	G
160	913.585575	913.92715	Spectrogram 1	1	20	2000	G
161	915.635025	915.8058125	Spectrogram 1	1	20	2000	G
162	917.5136875	917.8552625	Spectrogram 1	1	20	2000	G
163	918.7092	918.8799875	Spectrogram 1	1	20	2000	G
164	919.5631375	919.9047125	Spectrogram 1	1	20	2000	G
165	923.3204625	923.49125	Spectrogram 1	1	20	2000	G
166	925.199125	925.5407	Spectrogram 1	1	20	2000	G
167	927.7609375	927.931725	Spectrogram 1	1	20	2000	G
168	928.1025125	928.4440875	Spectrogram 1	1	20	2000	G
169	929.298025	929.4688125	Spectrogram 1	1	20	2000	G
170	930.8351125	931.1766875	Spectrogram 1	1	20	2000	G
171	931.68905	931.8598375	Spectrogram 1	1	20	2000	G
172	932.5429875	932.8845625	Spectrogram 1	1	20	2000	G
173	933.7385	933.9092875	Spectrogram 1	1	20	2000	G
174	934.42165	934.5924375	Spectrogram 1	1	20	2000	G
175	937.3250375	937.495825	Spectrogram 1	1	20	2000	G
176	938.0081875	938.178975	Spectrogram 1	1	20	2000	G
177	940.3992125	940.57	Spectrogram 1	1	20	2000	G
178	941.4239375	941.594725	Spectrogram 1	1	20	2000	G
179	943.3026	943.4733875	Spectrogram 1	1	20	2000	G
180	944.6689	945.1812625	Spectrogram 1	1	20	2000	G
181	948.426225	948.7678	Spectrogram 1	1	20	2000	G
182	950.3048875	950.475675	Spectrogram 1	1	20	2000	G
183	952.0127625	952.525125	Spectrogram 1	1	20	2000	G
184	953.0374875	953.208275	Spectrogram 1	1	20	2000	G
185	953.891425	954.0622125	Spectrogram 1	1	20	2000	G
186	954.233	954.4037875	Spectrogram 1	1	20	2000	G
187	955.7700875	955.940875	Spectrogram 1	1	20	2000	G
188	956.28245	956.4532375	Spectrogram 1	1	20	2000	G
189	956.9656	957.1363875	Spectrogram 1	1	20	2000	G
190	958.5026875	958.673475	Spectrogram 1	1	20	2000	G
191	960.2105625	960.38135	Spectrogram 1	1	20	2000	G
192	961.9184375	962.2600125	Spectrogram 1	1	20	2000	G
193	962.9431625	963.2847375	Spectrogram 1	1	20	2000	G
194	963.6263125	963.7971	Spectrogram 1	1	20	2000	G
195	964.6510375	964.821825	Spectrogram 1	1	20	2000	G
196	965.3341875	965.504975	Spectrogram 1	1	20	2000	G
197	966.871275	967.0420625	Spectrogram 1	1	20	2000	G
198	967.3836375	967.554425	Spectrogram 1	1	20	2000	G
199	968.0667875	968.4083625	Spectrogram 1	1	20	2000	G
200	968.7499375	968.920725	Spectrogram 1	1	20	2000	G
201	969.0915125	969.4330875	Spectrogram 1	1	20	2000	G
202	972.1656875	972.5072625	Spectrogram 1	1	20	2000	G
203	974.04435	974.385925	Spectrogram 1	1	20	2000	G
204	975.069075	975.41065	Spectrogram 1	1	20	2000	G
205	976.6061625	976.77695	Spectrogram 1	1	20	2000	G
206	979.50955	979.6803375	Spectrogram 1	1	20	2000	G
207	981.0466375	981.217425	Spectrogram 1	1	20	2000	G
208	981.3882125	981.559	Spectrogram 1	1	20	2000	G
209	982.24215	982.4129375	Spectrogram 1	1	20	2000	G
210	985.6579	985.8286875	Spectrogram 1	1	20	2000	G
211	986.1702625	986.34105	Spectrogram 1	1	20	2000	G
212	987.0242	987.1949875	Spectrogram 1	1	20	2000	G
213	988.048925	988.3905	Spectrogram 1	1	20	2000	G
214	990.6107375	990.781525	Spectrogram 1	1	20	2000	G
215	991.9770375	992.147825	Spectrogram 1	1	20	2000	G
216	993.17255	993.3433375	Spectrogram 1	1	20	2000	G
217	993.6849125	993.8557	Spectrogram 1	1	20	2000	G
218	994.0264875	994.197275	Spectrogram 1	1	20	2000	G
219	995.563575	995.7343625	Spectrogram 1	1	20	2000	G
220	996.4175125	996.5883	Spectrogram 1	1	20	2000	G
221	998.1253875	998.4669625	Spectrogram 1	1	20	2000	G
222	999.1501125	999.3209	Spectrogram 1	1	20	2000	G
223	1000.1748375	1000.345625	Spectrogram 1	1	20	2000	G
224	1005.6400375	1005.810825	Spectrogram 1	1	20	2000	G
225	1006.83555	1007.0063375	Spectrogram 1	1	20	2000	G
226	1008.20185	1008.3726375	Spectrogram 1	1	20	2000	G
227	1010.592875	1010.7636625	Spectrogram 1	1	20	2000	G
228	1012.4715375	1012.642325	Spectrogram 1	1	20	2000	G
229	1016.5704375	1016.741225	Spectrogram 1	1	20	2000	G
230	1019.473825	1019.6446125	Spectrogram 1	1	20	2000	G
231	1020.3277625	1020.6693375	Spectrogram 1	1	20	2000	G
232	1022.3772125	1022.7187875	Spectrogram 1	1	20	2000	G
233	1023.0603625	1023.23115	Spectrogram 1	1	20	2000	G
234	1023.9143	1024.0850875	Spectrogram 1	1	20	2000	G
235	1024.255875	1024.4266625	Spectrogram 1	1	20	2000	G
236	1024.59745	1024.939025	Spectrogram 1	1	20	2000	G
237	1029.721075	1029.8918625	Spectrogram 1	1	20	2000	G
238	1030.404225	1030.5750125	Spectrogram 1	1	20	2000	G
239	1032.2828875	1032.453675	Spectrogram 1	1	20	2000	G
240	1032.79525	1032.9660375	Spectrogram 1	1	20	2000	G
241	1033.3076125	1033.4784	Spectrogram 1	1	20	2000	G
242	1034.503125	1034.8447	Spectrogram 1	1	20	2000	G
243	1035.186275	1035.3570625	Spectrogram 1	1	20	2000	G
244	1036.7233625	1036.89415	Spectrogram 1	1	20	2000	G
245	1039.62675	1039.7975375	Spectrogram 1	1	20	2000	G
246	1039.968325	1040.1391125	Spectrogram 1	1	20	2000	G
247	1041.5054125	1041.6762	Spectrogram 1	1	20	2000	G
248	1043.2132875	1043.5548625	Spectrogram 1	1	20	2000	G
249	1044.2380125	1044.4088	Spectrogram 1	1	20	2000	G
250	1047.82455	1048.166125	Spectrogram 1	1	20	2000	G
251	1048.849275	1049.19085	Spectrogram 1	1	20	2000	G
252	1051.7526625	1051.92345	Spectrogram 1	1	20	2000	G
253	1054.65605	1054.997625	Spectrogram 1	1	20	2000	G
254	1057.38865	1057.5594375	Spectrogram 1	1	20	2000	G
255	1057.9010125	1058.413375	Spectrogram 1	1	20	2000	G
256	1061.3167625	1061.48755	Spectrogram 1	1	20	2000	G
257	1061.9999125	1062.1707	Spectrogram 1	1	20	2000	G
258	1063.878575	1064.22015	Spectrogram 1	1	20	2000	G
259	1064.561725	1065.0740875	Spectrogram 1	1	20	2000	G
260	1065.4156625	1065.58645	Spectrogram 1	1	20	2000	G
261	1066.4403875	1066.7819625	Spectrogram 1	1	20	2000	G
262	1067.294325	1067.4651125	Spectrogram 1	1	20	2000	G
263	1067.6359	1067.8066875	Spectrogram 1	1	20	2000	G
264	1070.5392875	1070.8808625	Spectrogram 1	1	20	2000	G
265	1071.9055875	1072.2471625	Spectrogram 1	1	20	2000	G
266	1074.6381875	1074.808975	Spectrogram 1	1	20	2000	G
267	1078.224725	1078.3955125	Spectrogram 1	1	20	2000	G
268	1079.0786625	1079.591025	Spectrogram 1	1	20	2000	G
269	1080.4449625	1080.61575	Spectrogram 1	1	20	2000	G
270	1082.323625	1082.4944125	Spectrogram 1	1	20	2000	G
271	1083.34835	1083.5191375	Spectrogram 1	1	20	2000	G
272	1086.08095	1086.2517375	Spectrogram 1	1	20	2000	G
273	1086.5933125	1086.7641	Spectrogram 1	1	20	2000	G
274	1087.6180375	1087.788825	Spectrogram 1	1	20	2000	G
275	1090.17985	1090.6922125	Spectrogram 1	1	20	2000	G
276	1093.254025	1093.4248125	Spectrogram 1	1	20	2000	G
277	1095.4742625	1095.64505	Spectrogram 1	1	20	2000	G
278	1096.8405625	1097.01135	Spectrogram 1	1	20	2000	G
279	1098.37765	1098.5484375	Spectrogram 1	1	20	2000	G
280	1099.2315875	1099.5731625	Spectrogram 1	1	20	2000	G
281	1101.2810375	1101.451825	Spectrogram 1	1	20	2000	G
282	1103.84285	1104.0136375	Spectrogram 1	1	20	2000	G
283	1105.0383625	1105.20915	Spectrogram 1	1	20	2000	G
284	1107.4293875	1107.7709625	Spectrogram 1	1	20	2000	G
285	1107.94175	1108.1125375	Spectrogram 1	1	20	2000	G
286	1109.30805	1109.4788375	Spectrogram 1	1	20	2000	G
287	1110.5035625	1110.8451375	Spectrogram 1	1	20	2000	G
288	1111.8698625	1112.04065	Spectrogram 1	1	20	2000	G
289	1113.065375	1113.2361625	Spectrogram 1	1	20	2000	G
290	1113.9193125	1114.0901	Spectrogram 1	1	20	2000	G
291	1114.431675	1114.6024625	Spectrogram 1	1	20	2000	G
292	1115.6271875	1115.797975	Spectrogram 1	1	20	2000	G
293	1116.9934875	1117.164275	Spectrogram 1	1	20	2000	G
294	1118.530575	1118.7013625	Spectrogram 1	1	20	2000	G
295	1119.5553	1119.7260875	Spectrogram 1	1	20	2000	G
296	1121.4339625	1121.60475	Spectrogram 1	1	20	2000	G
297	1123.4834125	1123.6542	Spectrogram 1	1	20	2000	G
298	1124.1665625	1124.33735	Spectrogram 1	1	20	2000	G
299	1125.0205	1125.1912875	Spectrogram 1	1	20	2000	G
300	1126.3868	1126.5575875	Spectrogram 1	1	20	2000	G
301	1129.460975	1129.6317625	Spectrogram 1	1	20	2000	G
302	1130.6564875	1130.827275	Spectrogram 1	1	20	2000	G
303	1131.510425	1131.6812125	Spectrogram 1	1	20	2000	G
304	1132.53515	1132.7059375	Spectrogram 1	1	20	2000	G
305	1134.4138125	1134.926175	Spectrogram 1	1	20	2000	G
306	1136.1216875	1136.292475	Spectrogram 1	1	20	2000	G
307	1136.975625	1137.1464125	Spectrogram 1	1	20	2000	G
308	1137.4879875	1138.00035	Spectrogram 1	1	20	2000	G
309	1140.5621625	1140.9037375	Spectrogram 1	1	20	2000	G
310	1141.5868875	1141.757675	Spectrogram 1	1	20	2000	G
311	1143.2947625	1143.6363375	Spectrogram 1	1	20	2000	G
312	1145.0026375	1145.3442125	Spectrogram 1	1	20	2000	G
313	1147.0520875	1147.222875	Spectrogram 1	1	20	2000	G
314	1147.906025	1148.0768125	Spectrogram 1	1	20	2000	G
315	1150.1262625	1150.4678375	Spectrogram 1	1	20	2000	G
316	1152.3465	1152.688075	Spectrogram 1	1	20	2000	G
317	1153.7128	1154.2251625	Spectrogram 1	1	20	2000	G
318	1154.5667375	1154.737525	Spectrogram 1	1	20	2000	G
319	1156.6161875	1156.9577625	Spectrogram 1	1	20	2000	G
320	1157.2993375	1157.470125	Spectrogram 1	1	20	2000	G
321	1157.9824875	1158.153275	Spectrogram 1	1	20	2000	G
322	1159.519575	1159.6903625	Spectrogram 1	1	20	2000	G
323	1161.0566625	1161.22745	Spectrogram 1	1	20	2000	G
324	1161.9106	1162.252175	Spectrogram 1	1	20	2000	G
325	1164.301625	1164.4724125	Spectrogram 1	1	20	2000	G
326	1164.8139875	1164.984775	Spectrogram 1	1	20	2000	G
327	1165.32635	1165.667925	Spectrogram 1	1	20	2000	G
328	1165.8387125	1166.0095	Spectrogram 1	1	20	2000	G
329	1166.69265	1166.8634375	Spectrogram 1	1	20	2000	G
330	1168.400525	1168.5713125	Spectrogram 1	1	20	2000	G
331	1169.2544625	1169.42525	Spectrogram 1	1	20	2000	G
332	1169.7668250000002	1169.9376125	Spectrogram 1	1	20	2000	G
333	1170.79155	1171.1331249999998	Spectrogram 1	1	20	2000	G
334	1174.3780875	1174.548875	Spectrogram 1	1	20	2000	G
335	1176.25675	1176.598325	Spectrogram 1	1	20	2000	G
336	1177.281475	1177.62305	Spectrogram 1	1	20	2000	G
337	1179.1601375	1179.8432875	Spectrogram 1	1	20	2000	G
338	1180.35565	1180.5264375000002	Spectrogram 1	1	20	2000	G
339	1181.2095875	1181.380375	Spectrogram 1	1	20	2000	G
340	1182.2343125	1182.4051	Spectrogram 1	1	20	2000	G
341	1183.2590375	1183.6006125	Spectrogram 1	1	20	2000	G
342	1184.9669125	1185.1377	Spectrogram 1	1	20	2000	G
343	1185.9916375	1186.162425	Spectrogram 1	1	20	2000	G
344	1187.0163625	1187.18715	Spectrogram 1	1	20	2000	G
345	1190.261325	1190.7736875	Spectrogram 1	1	20	2000	G
346	1192.4815625	1192.6523499999998	Spectrogram 1	1	20	2000	G
347	1193.5062875	1193.677075	Spectrogram 1	1	20	2000	G
348	1194.1894375	1195.043375	Spectrogram 1	1	20	2000	G
349	1195.5557375	1195.726525	Spectrogram 1	1	20	2000	G
350	1196.5804625	1196.75125	Spectrogram 1	1	20	2000	G
351	1197.2636125	1197.4344	Spectrogram 1	1	20	2000	G
352	1198.8007	1198.9714875	Spectrogram 1	1	20	2000	G
353	1199.6546375	1199.825425	Spectrogram 1	1	20	2000	G
