Selection	Begin Time (s)	End Time (s)	View	Channel	Low Freq (Hz)	High Freq (Hz)	Type
290	19.00808125	23.07085625	Spectrogram 1	1	20	2000	M
291	25.10224375	26.117937500000004	Spectrogram 1	1	20	2000	M
292	27.13363125	29.16501875	Spectrogram 1	1	20	2000	M
293	31.196406250000003	34.2434875	Spectrogram 1	1	20	2000	M
294	36.274875	38.3062625	Spectrogram 1	1	20	2000	M
295	40.33765	41.35334375	Spectrogram 1	1	20	2000	M
296	44.400425	47.44750625	Spectrogram 1	1	20	2000	M
297	48.4632	49.47889375	Spectrogram 1	1	20	2000	M
298	50.4945875	51.51028125	Spectrogram 1	1	20	2000	M
299	52.525975	53.54166875	Spectrogram 1	1	20	2000	M
300	54.5573625	55.57305625	Spectrogram 1	1	20	2000	M
301	56.588750000000005	57.60444375	Spectrogram 1	1	20	2000	M
302	59.63583125	60.651525	Spectrogram 1	1	20	2000	M
303	62.6829125	63.698606250000005	Spectrogram 1	1	20	2000	M
304	64.71430000000001	65.72999375	Spectrogram 1	1	20	2000	M
305	66.7456875	67.76138125	Spectrogram 1	1	20	2000	M
306	68.77707500000001	69.79276875000001	Spectrogram 1	1	20	2000	M
307	70.8084625	71.82415625	Spectrogram 1	1	20	2000	M
308	72.83985	75.88693125	Spectrogram 1	1	20	2000	M
309	76.902625	77.91831875000001	Spectrogram 1	1	20	2000	M
310	78.93401250000001	80.9654	Spectrogram 1	1	20	2000	M
311	81.98109375	82.9967875	Spectrogram 1	1	20	2000	M
312	85.028175	86.04386875	Spectrogram 1	1	20	2000	M
313	87.0595625	89.09095	Spectrogram 1	1	20	2000	M
314	90.10664375	92.13803125	Spectrogram 1	1	20	2000	M
315	93.153725	94.16941875	Spectrogram 1	1	20	2000	M
316	95.1851125	97.2165	Spectrogram 1	1	20	2000	M
317	98.23219375	99.2478875	Spectrogram 1	1	20	2000	M
318	100.26358125	101.279275	Spectrogram 1	1	20	2000	M
319	102.29496875	105.34205	Spectrogram 1	1	20	2000	M
320	106.35774375	107.3734375	Spectrogram 1	1	20	2000	M
321	108.38913125	109.404825	Spectrogram 1	1	20	2000	M
322	110.42051875	112.45190625	Spectrogram 1	1	20	2000	M
323	113.4676	116.51468125	Spectrogram 1	1	20	2000	M
324	117.530375	128.70300625000002	Spectrogram 1	1	20	2000	M
325	131.7500875	132.76578125	Spectrogram 1	1	20	2000	M
326	133.781475	134.79716875000005	Spectrogram 1	1	20	2000	M
327	135.81286250000002	136.82855625000002	Spectrogram 1	1	20	2000	M
328	137.84425000000002	140.89133125	Spectrogram 1	1	20	2000	M
329	141.907025	145.96980000000002	Spectrogram 1	1	20	2000	M
330	146.98549375000002	149.01688125	Spectrogram 1	1	20	2000	M
331	152.06396250000003	153.07965625000003	Spectrogram 1	1	20	2000	M
332	154.09535000000002	155.11104375000002	Spectrogram 1	1	20	2000	M
333	156.12673750000002	159.17381875	Spectrogram 1	1	20	2000	M
334	160.18951250000003	162.22090000000003	Spectrogram 1	1	20	2000	M
335	163.23659375000005	165.26798125000002	Spectrogram 1	1	20	2000	M
336	166.28367500000002	167.29936875	Spectrogram 1	1	20	2000	M
337	168.3150625	178.47200000000004	Spectrogram 1	1	20	2000	M
338	179.48769375000003	180.50338750000003	Spectrogram 1	1	20	2000	M
339	181.51908125000003	183.55046875	Spectrogram 1	1	20	2000	M
340	184.5661625	185.58185625	Spectrogram 1	1	20	2000	M
341	186.59755	187.61324375	Spectrogram 1	1	20	2000	M
342	190.66032500000003	191.67601875000005	Spectrogram 1	1	20	2000	M
343	194.7231	198.78587500000003	Spectrogram 1	1	20	2000	M
344	199.80156875000003	201.83295625	Spectrogram 1	1	20	2000	M
345	202.84865	203.86434375	Spectrogram 1	1	20	2000	M
346	204.8800375	205.89573125	Spectrogram 1	1	20	2000	M
347	206.91142500000004	209.95850625000003	Spectrogram 1	1	20	2000	M
348	210.9742	211.98989375	Spectrogram 1	1	20	2000	M
349	214.02128125	215.036975	Spectrogram 1	1	20	2000	M
350	216.05266875000004	219.09975000000003	Spectrogram 1	1	20	2000	M
351	224.17821875	229.25668750000003	Spectrogram 1	1	20	2000	M
352	230.27238125	231.288075	Spectrogram 1	1	20	2000	M
353	232.30376875	233.3194625	Spectrogram 1	1	20	2000	M
354	234.33515625000004	235.35085000000004	Spectrogram 1	1	20	2000	M
355	236.36654375000003	237.38223750000003	Spectrogram 1	1	20	2000	M
356	238.39793125000003	243.4764	Spectrogram 1	1	20	2000	M
357	244.49209375000004	247.53917500000003	Spectrogram 1	1	20	2000	M
358	249.5705625	252.61764375	Spectrogram 1	1	20	2000	M
359	253.63333750000004	254.64903125000004	Spectrogram 1	1	20	2000	M
360	256.68041875	257.6961125	Spectrogram 1	1	20	2000	M
361	258.71180625	259.7275	Spectrogram 1	1	20	2000	M
362	260.74319375	262.77458125000004	Spectrogram 1	1	20	2000	M
363	263.790275	264.80596875000003	Spectrogram 1	1	20	2000	M
364	265.8216625	266.83735625	Spectrogram 1	1	20	2000	M
365	267.85305	268.86874375	Spectrogram 1	1	20	2000	M
366	269.8844375	271.91582500000004	Spectrogram 1	1	20	2000	M
367	272.93151875	275.97860000000003	Spectrogram 1	1	20	2000	M
368	276.99429375000005	278.0099875	Spectrogram 1	1	20	2000	M
369	279.02568125000005	281.05706875000004	Spectrogram 1	1	20	2000	M
370	282.0727625	283.08845625000004	Spectrogram 1	1	20	2000	M
371	285.11984375000003	286.13553750000005	Spectrogram 1	1	20	2000	M
372	287.15123125	288.16692500000005	Spectrogram 1	1	20	2000	M
373	289.18261875	290.19831250000004	Spectrogram 1	1	20	2000	M
374	291.21400625	292.22970000000004	Spectrogram 1	1	20	2000	M
375	293.24539375	297.30816875000005	Spectrogram 1	1	20	2000	M
376	299.33955625000004	300.35525	Spectrogram 1	1	20	2000	M
377	301.37094375000004	303.40233125000003	Spectrogram 1	1	20	2000	M
378	304.41802500000006	309.49649375	Spectrogram 1	1	20	2000	M
379	310.51218750000004	312.54357500000003	Spectrogram 1	1	20	2000	M
380	313.55926875000006	315.59065625000005	Spectrogram 1	1	20	2000	M
381	318.6377375	320.669125	Spectrogram 1	1	20	2000	M
382	321.68481875000003	323.71620625	Spectrogram 1	1	20	2000	M
383	324.73190000000005	325.74759375	Spectrogram 1	1	20	2000	M
384	326.76328750000005	330.82606250000003	Spectrogram 1	1	20	2000	M
385	332.85745000000003	335.90453125000005	Spectrogram 1	1	20	2000	M
386	336.920225	337.93591875000004	Spectrogram 1	1	20	2000	M
387	339.96730625000004	344.03008125	Spectrogram 1	1	20	2000	M
388	345.04577500000005	346.06146875	Spectrogram 1	1	20	2000	M
389	347.07716250000004	348.09285625	Spectrogram 1	1	20	2000	M
390	349.10855000000004	350.12424375	Spectrogram 1	1	20	2000	M
391	351.13993750000003	353.171325	Spectrogram 1	1	20	2000	M
392	354.18701875000005	355.2027125	Spectrogram 1	1	20	2000	M
393	361.29687500000006	364.34395625	Spectrogram 1	1	20	2000	M
394	365.35965	366.37534375	Spectrogram 1	1	20	2000	M
395	367.3910375	369.422425	Spectrogram 1	1	20	2000	M
396	371.4538125	373.4852	Spectrogram 1	1	20	2000	M
397	374.5008937500001	376.53228125	Spectrogram 1	1	20	2000	M
398	377.547975	378.56366875	Spectrogram 1	1	20	2000	M
399	379.57936250000006	383.6421375000001	Spectrogram 1	1	20	2000	M
400	386.68921875	388.72060625000006	Spectrogram 1	1	20	2000	M
401	389.7363	392.7833812500001	Spectrogram 1	1	20	2000	M
402	394.81476875	396.84615625	Spectrogram 1	1	20	2000	M
403	397.86185000000006	398.87754375	Spectrogram 1	1	20	2000	M
404	399.89323750000005	401.9246250000001	Spectrogram 1	1	20	2000	M
405	402.94031875	403.9560125	Spectrogram 1	1	20	2000	M
406	405.9874	410.050175	Spectrogram 1	1	20	2000	M
407	411.0658687500001	412.0815625	Spectrogram 1	1	20	2000	M
408	414.11295	416.14433750000006	Spectrogram 1	1	20	2000	M
409	418.17572500000006	421.22280625	Spectrogram 1	1	20	2000	M
410	422.2385	425.28558125000006	Spectrogram 1	1	20	2000	M
411	427.31696875000006	428.3326625	Spectrogram 1	1	20	2000	M
412	429.34835625000005	430.36405	Spectrogram 1	1	20	2000	M
413	431.3797437500001	433.41113125	Spectrogram 1	1	20	2000	M
414	434.42682500000006	436.45821250000006	Spectrogram 1	1	20	2000	M
415	437.47390625	438.48960000000005	Spectrogram 1	1	20	2000	M
416	439.50529375	440.5209875000001	Spectrogram 1	1	20	2000	M
417	441.53668125	442.552375	Spectrogram 1	1	20	2000	M
418	444.5837625	446.61515	Spectrogram 1	1	20	2000	M
419	447.63084375000005	448.6465375	Spectrogram 1	1	20	2000	M
420	450.677925	451.69361875	Spectrogram 1	1	20	2000	M
421	452.70931250000007	453.72500625	Spectrogram 1	1	20	2000	M
422	454.74070000000006	457.78778125	Spectrogram 1	1	20	2000	M
423	458.8034750000001	459.81916875	Spectrogram 1	1	20	2000	M
424	462.86625	466.929025	Spectrogram 1	1	20	2000	M
425	467.9447187500001	469.97610625	Spectrogram 1	1	20	2000	M
426	470.9918	473.02318750000006	Spectrogram 1	1	20	2000	M
427	474.03888125	475.05457500000006	Spectrogram 1	1	20	2000	M
428	476.07026875	477.0859625000001	Spectrogram 1	1	20	2000	M
429	480.13304375	482.16443125000006	Spectrogram 1	1	20	2000	M
430	483.180125	484.19581875000006	Spectrogram 1	1	20	2000	M
431	485.2115125	488.2585937500001	Spectrogram 1	1	20	2000	M
432	489.2742875	491.30567500000006	Spectrogram 1	1	20	2000	M
433	493.33706250000006	494.35275625	Spectrogram 1	1	20	2000	M
434	502.47830625000006	503.494	Spectrogram 1	1	20	2000	M
435	507.556775	508.57246875	Spectrogram 1	1	20	2000	M
436	512.63524375	513.6509375	Spectrogram 1	1	20	2000	M
437	514.66663125	515.682325	Spectrogram 1	1	20	2000	M
438	519.7451	521.7764875	Spectrogram 1	1	20	2000	M
439	522.79218125	523.807875	Spectrogram 1	1	20	2000	M
440	526.85495625	527.8706500000001	Spectrogram 1	1	20	2000	M
441	530.9177312500001	532.94911875	Spectrogram 1	1	20	2000	M
442	533.9648125	535.9962	Spectrogram 1	1	20	2000	M
443	537.01189375	538.0275875000001	Spectrogram 1	1	20	2000	M
444	542.0903625000001	546.1531375000001	Spectrogram 1	1	20	2000	M
445	547.16883125	548.184525	Spectrogram 1	1	20	2000	M
446	550.2159125000001	552.2473	Spectrogram 1	1	20	2000	M
447	553.2629937500001	554.2786875	Spectrogram 1	1	20	2000	M
448	555.29438125	557.3257687500001	Spectrogram 1	1	20	2000	M
449	558.3414625	559.35715625	Spectrogram 1	1	20	2000	M
450	561.38854375	563.41993125	Spectrogram 1	1	20	2000	M
451	564.4356250000001	567.4827062500001	Spectrogram 1	1	20	2000	M
452	568.4984000000001	577.63964375	Spectrogram 1	1	20	2000	M
453	578.6553375000001	587.79658125	Spectrogram 1	1	20	2000	M
454	588.812275	589.8279687500001	Spectrogram 1	1	20	2000	M
455	590.8436625	591.85935625	Spectrogram 1	1	20	2000	M
456	592.8750500000001	593.8907437500001	Spectrogram 1	1	20	2000	M
457	595.92213125	596.9378250000001	Spectrogram 1	1	20	2000	M
458	598.9692125	599.98490625	Spectrogram 1	1	20	2000	M
459	603.0319875	605.0633750000001	Spectrogram 1	1	20	2000	M
460	606.07906875	607.0947625	Spectrogram 1	1	20	2000	M
461	609.12615	612.1732312500001	Spectrogram 1	1	20	2000	M
462	613.188925	614.20461875	Spectrogram 1	1	20	2000	M
463	619.2830875000001	620.29878125	Spectrogram 1	1	20	2000	M
464	621.314475	622.3301687500001	Spectrogram 1	1	20	2000	M
465	623.3458625000001	624.36155625	Spectrogram 1	1	20	2000	M
466	625.37725	626.3929437500001	Spectrogram 1	1	20	2000	M
467	627.4086375	628.42433125	Spectrogram 1	1	20	2000	M
468	629.4400250000001	630.4557187500001	Spectrogram 1	1	20	2000	M
469	632.48710625	637.5655750000001	Spectrogram 1	1	20	2000	M
470	640.6126562500001	641.6283500000001	Spectrogram 1	1	20	2000	M
471	645.691125	648.7382062500001	Spectrogram 1	1	20	2000	M
472	649.7539	650.76959375	Spectrogram 1	1	20	2000	M
473	652.8009812500001	653.816675	Spectrogram 1	1	20	2000	M
474	654.83236875	655.8480625000001	Spectrogram 1	1	20	2000	M
475	656.86375625	657.87945	Spectrogram 1	1	20	2000	M
476	658.8951437500001	659.9108375000001	Spectrogram 1	1	20	2000	M
477	661.942225	663.9736125000001	Spectrogram 1	1	20	2000	M
478	666.0050000000001	668.0363875	Spectrogram 1	1	20	2000	M
479	670.0677750000001	671.0834687500001	Spectrogram 1	1	20	2000	M
480	672.0991625	673.11485625	Spectrogram 1	1	20	2000	M
481	675.14624375	676.1619375	Spectrogram 1	1	20	2000	M
482	678.1933250000001	680.2247125	Spectrogram 1	1	20	2000	M
483	683.27179375	685.3031812500001	Spectrogram 1	1	20	2000	M
484	687.33456875	691.39734375	Spectrogram 1	1	20	2000	M
485	693.42873125	694.444425	Spectrogram 1	1	20	2000	M
486	704.6013625	705.61705625	Spectrogram 1	1	20	2000	M
487	707.6484437500001	709.67983125	Spectrogram 1	1	20	2000	M
488	710.6955250000001	712.7269125	Spectrogram 1	1	20	2000	M
489	713.7426062500001	714.7583000000001	Spectrogram 1	1	20	2000	M
490	716.7896875	718.8210750000001	Spectrogram 1	1	20	2000	M
491	719.83676875	720.8524625	Spectrogram 1	1	20	2000	M
492	721.8681562500001	723.89954375	Spectrogram 1	1	20	2000	M
493	724.9152375000001	727.96231875	Spectrogram 1	1	20	2000	M
494	728.9780125000001	737.1035625000001	Spectrogram 1	1	20	2000	M
495	740.1506437500001	743.1977250000001	Spectrogram 1	1	20	2000	M
496	745.2291125	746.24480625	Spectrogram 1	1	20	2000	M
497	749.2918875	750.3075812500001	Spectrogram 1	1	20	2000	M
498	751.3232750000001	752.33896875	Spectrogram 1	1	20	2000	M
499	753.3546625	754.3703562500001	Spectrogram 1	1	20	2000	M
500	755.3860500000001	757.4174375	Spectrogram 1	1	20	2000	M
501	758.4331312500001	759.448825	Spectrogram 1	1	20	2000	M
502	760.46451875	761.4802125000001	Spectrogram 1	1	20	2000	M
503	762.4959062500001	770.62145625	Spectrogram 1	1	20	2000	M
504	773.6685375000001	777.7313125000001	Spectrogram 1	1	20	2000	M
505	779.7627000000001	780.7783937500001	Spectrogram 1	1	20	2000	M
506	782.80978125	783.8254750000001	Spectrogram 1	1	20	2000	M
507	786.8725562500001	787.8882500000001	Spectrogram 1	1	20	2000	M
508	788.90394375	789.9196375	Spectrogram 1	1	20	2000	M
509	790.9353312500001	793.9824125	Spectrogram 1	1	20	2000	M
510	794.9981062500001	799.0608812500001	Spectrogram 1	1	20	2000	M
511	800.076575	801.09226875	Spectrogram 1	1	20	2000	M
512	802.1079625000001	805.15504375	Spectrogram 1	1	20	2000	M
513	806.1707375000001	810.2335125000001	Spectrogram 1	1	20	2000	M
514	811.24920625	812.2649	Spectrogram 1	1	20	2000	M
515	813.2805937500001	815.31198125	Spectrogram 1	1	20	2000	M
516	816.3276750000001	819.37475625	Spectrogram 1	1	20	2000	M
517	820.3904500000001	821.4061437500001	Spectrogram 1	1	20	2000	M
518	822.4218375	824.4532250000001	Spectrogram 1	1	20	2000	M
519	825.4689187500001	826.4846125	Spectrogram 1	1	20	2000	M
520	828.5160000000001	829.53169375	Spectrogram 1	1	20	2000	M
521	832.5787750000001	835.6258562500001	Spectrogram 1	1	20	2000	M
522	836.64155	837.65724375	Spectrogram 1	1	20	2000	M
523	838.6729375000001	840.704325	Spectrogram 1	1	20	2000	M
524	841.72001875	844.7671	Spectrogram 1	1	20	2000	M
525	846.7984875000001	847.81418125	Spectrogram 1	1	20	2000	M
526	849.8455687500001	851.87695625	Spectrogram 1	1	20	2000	M
527	852.8926500000001	854.9240375	Spectrogram 1	1	20	2000	M
528	855.93973125	858.9868125	Spectrogram 1	1	20	2000	M
529	860.00250625	866.09666875	Spectrogram 1	1	20	2000	M
530	868.1280562500001	869.1437500000001	Spectrogram 1	1	20	2000	M
531	870.15944375	871.1751375000001	Spectrogram 1	1	20	2000	M
532	872.1908312500001	873.206525	Spectrogram 1	1	20	2000	M
533	874.22221875	876.2536062500001	Spectrogram 1	1	20	2000	M
534	877.2693	878.28499375	Spectrogram 1	1	20	2000	M
535	879.3006875000001	882.3477687500001	Spectrogram 1	1	20	2000	M
536	883.3634625000001	884.37915625	Spectrogram 1	1	20	2000	M
537	885.39485	887.4262375000001	Spectrogram 1	1	20	2000	M
538	888.44193125	889.4576250000001	Spectrogram 1	1	20	2000	M
539	890.4733187500001	894.5360937500001	Spectrogram 1	1	20	2000	M
540	896.56748125	898.5988687500001	Spectrogram 1	1	20	2000	M
541	899.6145625	900.6302562500001	Spectrogram 1	1	20	2000	M
542	901.64595	902.66164375	Spectrogram 1	1	20	2000	M
543	903.6773375	905.708725	Spectrogram 1	1	20	2000	M
544	906.72441875	907.7401125	Spectrogram 1	1	20	2000	M
545	908.75580625	909.7715	Spectrogram 1	1	20	2000	M
546	911.8028875	918.91274375	Spectrogram 1	1	20	2000	M
547	919.9284375	921.959825	Spectrogram 1	1	20	2000	M
548	922.97551875	928.0539875	Spectrogram 1	1	20	2000	M
549	929.06968125	930.085375	Spectrogram 1	1	20	2000	M
550	931.10106875	933.13245625	Spectrogram 1	1	20	2000	M
551	934.14815	936.1795375	Spectrogram 1	1	20	2000	M
552	937.19523125	939.22661875	Spectrogram 1	1	20	2000	M
553	940.2423125	941.25800625	Spectrogram 1	1	20	2000	M
554	942.2737	944.3050875	Spectrogram 1	1	20	2000	M
555	947.35216875	948.3678625	Spectrogram 1	1	20	2000	M
556	949.38355625	951.41494375	Spectrogram 1	1	20	2000	M
557	952.4306375	954.462025	Spectrogram 1	1	20	2000	M
558	956.4934125	957.50910625	Spectrogram 1	1	20	2000	M
559	961.57188125	966.65035	Spectrogram 1	1	20	2000	M
560	967.66604375	969.69743125	Spectrogram 1	1	20	2000	M
561	970.713125	971.72881875	Spectrogram 1	1	20	2000	M
562	972.7445125	973.76020625	Spectrogram 1	1	20	2000	M
563	975.79159375	976.8072875	Spectrogram 1	1	20	2000	M
564	977.82298125	979.85436875	Spectrogram 1	1	20	2000	M
565	980.8700625	982.90145	Spectrogram 1	1	20	2000	M
566	983.91714375	984.9328375	Spectrogram 1	1	20	2000	M
567	985.94853125	986.964225	Spectrogram 1	1	20	2000	M
568	988.9956125	990.01130625	Spectrogram 1	1	20	2000	M
569	991.027	996.10546875	Spectrogram 1	1	20	2000	M
570	997.1211625	999.15255	Spectrogram 1	1	20	2000	M
571	1001.1839375	1003.215325	Spectrogram 1	1	20	2000	M
572	1004.23101875	1005.2467125	Spectrogram 1	1	20	2000	M
573	1006.26240625	1007.2781	Spectrogram 1	1	20	2000	M
574	1008.29379375	1010.32518125	Spectrogram 1	1	20	2000	M
575	1011.340875	1014.38795625	Spectrogram 1	1	20	2000	M
576	1015.40365	1016.41934375	Spectrogram 1	1	20	2000	M
577	1017.4350375	1018.45073125	Spectrogram 1	1	20	2000	M
578	1019.466425	1020.48211875	Spectrogram 1	1	20	2000	M
579	1021.4978125	1028.60766875	Spectrogram 1	1	20	2000	M
580	1029.6233625	1031.65475	Spectrogram 1	1	20	2000	M
581	1035.717525	1039.7803	Spectrogram 1	1	20	2000	M
582	1040.79599375	1041.8116875	Spectrogram 1	1	20	2000	M
583	1042.82738125	1044.85876875	Spectrogram 1	1	20	2000	M
584	1045.8744625000002	1046.89015625	Spectrogram 1	1	20	2000	M
585	1048.9215437500002	1049.9372375	Spectrogram 1	1	20	2000	M
586	1052.98431875	1056.0314	Spectrogram 1	1	20	2000	M
587	1058.0627875	1059.07848125	Spectrogram 1	1	20	2000	M
588	1061.10986875	1062.1255625	Spectrogram 1	1	20	2000	M
589	1063.14125625	1065.17264375	Spectrogram 1	1	20	2000	M
590	1066.1883375	1067.20403125	Spectrogram 1	1	20	2000	M
591	1070.2511125	1072.2825	Spectrogram 1	1	20	2000	M
592	1073.29819375	1074.3138875	Spectrogram 1	1	20	2000	M
593	1075.32958125	1077.36096875	Spectrogram 1	1	20	2000	M
594	1078.3766625	1082.4394375000002	Spectrogram 1	1	20	2000	M
595	1084.470825	1085.4865187500002	Spectrogram 1	1	20	2000	M
596	1086.5022125	1087.51790625	Spectrogram 1	1	20	2000	M
597	1088.5336	1090.5649875	Spectrogram 1	1	20	2000	M
598	1091.58068125	1094.6277625	Spectrogram 1	1	20	2000	M
599	1097.67484375	1098.6905375	Spectrogram 1	1	20	2000	M
600	1099.70623125	1101.73761875	Spectrogram 1	1	20	2000	M
601	1103.76900625	1104.7847000000002	Spectrogram 1	1	20	2000	M
602	1105.80039375	1107.8317812500002	Spectrogram 1	1	20	2000	M
603	1109.86316875	1110.8788625	Spectrogram 1	1	20	2000	M
604	1111.89455625	1112.91025	Spectrogram 1	1	20	2000	M
605	1113.92594375	1114.9416375	Spectrogram 1	1	20	2000	M
606	1115.9573312500002	1116.973025	Spectrogram 1	1	20	2000	M
607	1117.98871875	1120.02010625	Spectrogram 1	1	20	2000	M
608	1121.0358	1122.0514937500002	Spectrogram 1	1	20	2000	M
609	1123.0671875	1130.1770437500002	Spectrogram 1	1	20	2000	M
610	1131.1927375	1132.20843125	Spectrogram 1	1	20	2000	M
611	1135.2555125	1136.27120625	Spectrogram 1	1	20	2000	M
612	1138.30259375	1139.3182875	Spectrogram 1	1	20	2000	M
613	1140.33398125	1141.3496750000002	Spectrogram 1	1	20	2000	M
614	1142.36536875	1143.3810625	Spectrogram 1	1	20	2000	M
615	1144.3967562500002	1145.41245	Spectrogram 1	1	20	2000	M
616	1146.42814375	1147.4438375	Spectrogram 1	1	20	2000	M
617	1148.45953125	1149.475225	Spectrogram 1	1	20	2000	M
618	1151.5066125	1152.5223062500002	Spectrogram 1	1	20	2000	M
619	1154.55369375	1156.58508125	Spectrogram 1	1	20	2000	M
620	1157.600775	1158.6164687500002	Spectrogram 1	1	20	2000	M
621	1163.6949375000002	1168.77340625	Spectrogram 1	1	20	2000	M
622	1171.8204875	1178.93034375	Spectrogram 1	1	20	2000	M
623	1179.9460375	1184.0088125	Spectrogram 1	1	20	2000	M
624	1185.02450625	1186.0402	Spectrogram 1	1	20	2000	M
625	1188.0715875	1191.11866875	Spectrogram 1	1	20	2000	M
626	1192.1343625000002	1193.15005625	Spectrogram 1	1	20	2000	M
627	1194.16575	1195.18144375	Spectrogram 1	1	20	2000	M
628	1196.1971375	1199.24421875	Spectrogram 1	1	20	2000	M
