Selection	Begin Time (s)	End Time (s)	View	Channel	Low Freq (Hz)	High Freq (Hz)	Type
181	66.526	67.126	Spectrogram 1	1	20	2000	POS
182	93.226	93.526	Spectrogram 1	1	20	2000	POS
183	100.126	101.926	Spectrogram 1	1	20	2000	POS
184	102.226	102.526	Spectrogram 1	1	20	2000	POS
185	103.126	103.426	Spectrogram 1	1	20	2000	POS
186	105.226	105.526	Spectrogram 1	1	20	2000	POS
187	110.026	110.326	Spectrogram 1	1	20	2000	POS
188	111.226	111.526	Spectrogram 1	1	20	2000	POS
189	118.726	119.026	Spectrogram 1	1	20	2000	POS
190	119.326	119.626	Spectrogram 1	1	20	2000	POS
191	127.426	127.726	Spectrogram 1	1	20	2000	POS
192	128.326	128.626	Spectrogram 1	1	20	2000	POS
193	130.126	130.426	Spectrogram 1	1	20	2000	POS
194	132.526	133.426	Spectrogram 1	1	20	2000	POS
195	134.926	135.226	Spectrogram 1	1	20	2000	POS
196	135.826	136.426	Spectrogram 1	1	20	2000	POS
197	138.226	138.826	Spectrogram 1	1	20	2000	POS
198	140.026	140.326	Spectrogram 1	1	20	2000	POS
199	140.926	141.226	Spectrogram 1	1	20	2000	POS
200	150.226	150.526	Spectrogram 1	1	20	2000	POS
201	152.326	152.926	Spectrogram 1	1	20	2000	POS
202	162.826	163.126	Spectrogram 1	1	20	2000	POS
203	170.026	170.326	Spectrogram 1	1	20	2000	POS
204	173.926	174.226	Spectrogram 1	1	20	2000	POS
205	177.826	178.126	Spectrogram 1	1	20	2000	POS
206	178.426	179.026	Spectrogram 1	1	20	2000	POS
207	207.526	207.826	Spectrogram 1	1	20	2000	POS
208	209.326	209.626	Spectrogram 1	1	20	2000	POS
209	215.026	220.426	Spectrogram 1	1	20	2000	POS
210	249.526	249.826	Spectrogram 1	1	20	2000	POS
211	253.426	253.726	Spectrogram 1	1	20	2000	POS
212	260.326	260.626	Spectrogram 1	1	20	2000	POS
213	270.526	271.726	Spectrogram 1	1	20	2000	POS
214	272.326	272.626	Spectrogram 1	1	20	2000	POS
215	274.726	275.026	Spectrogram 1	1	20	2000	POS
216	285.226	285.526	Spectrogram 1	1	20	2000	POS
217	290.926	291.226	Spectrogram 1	1	20	2000	POS
218	316.126	316.726	Spectrogram 1	1	20	2000	POS
219	320.626	320.926	Spectrogram 1	1	20	2000	POS
220	324.52599999999995	325.126	Spectrogram 1	1	20	2000	POS
221	335.626	335.926	Spectrogram 1	1	20	2000	POS
222	338.926	340.126	Spectrogram 1	1	20	2000	POS
223	345.826	346.126	Spectrogram 1	1	20	2000	POS
224	356.02599999999995	356.326	Spectrogram 1	1	20	2000	POS
225	358.126	358.426	Spectrogram 1	1	20	2000	POS
226	367.726	368.326	Spectrogram 1	1	20	2000	POS
227	371.326	371.926	Spectrogram 1	1	20	2000	POS
228	379.426	379.726	Spectrogram 1	1	20	2000	POS
229	383.326	383.626	Spectrogram 1	1	20	2000	POS
230	385.426	385.726	Spectrogram 1	1	20	2000	POS
231	394.426	394.726	Spectrogram 1	1	20	2000	POS
232	398.926	399.226	Spectrogram 1	1	20	2000	POS
233	399.826	400.126	Spectrogram 1	1	20	2000	POS
234	400.426	400.726	Spectrogram 1	1	20	2000	POS
235	401.626	401.926	Spectrogram 1	1	20	2000	POS
236	404.926	405.226	Spectrogram 1	1	20	2000	POS
237	413.026	413.326	Spectrogram 1	1	20	2000	POS
238	413.926	414.226	Spectrogram 1	1	20	2000	POS
239	417.226	417.526	Spectrogram 1	1	20	2000	POS
240	431.026	431.326	Spectrogram 1	1	20	2000	POS
241	431.926	433.426	Spectrogram 1	1	20	2000	POS
242	442.126	443.326	Spectrogram 1	1	20	2000	POS
243	444.826	445.126	Spectrogram 1	1	20	2000	POS
244	447.826	448.126	Spectrogram 1	1	20	2000	POS
245	448.726	449.026	Spectrogram 1	1	20	2000	POS
246	449.326	449.626	Spectrogram 1	1	20	2000	POS
247	451.126	451.426	Spectrogram 1	1	20	2000	POS
248	460.126	460.426	Spectrogram 1	1	20	2000	POS
249	471.226	471.526	Spectrogram 1	1	20	2000	POS
250	472.726	473.026	Spectrogram 1	1	20	2000	POS
251	497.326	497.926	Spectrogram 1	1	20	2000	POS
252	506.026	506.326	Spectrogram 1	1	20	2000	POS
253	507.826	508.126	Spectrogram 1	1	20	2000	POS
254	543.226	543.526	Spectrogram 1	1	20	2000	POS
255	545.926	546.526	Spectrogram 1	1	20	2000	POS
256	562.426	562.726	Spectrogram 1	1	20	2000	POS
257	572.326	572.926	Spectrogram 1	1	20	2000	POS
258	574.126	574.426	Spectrogram 1	1	20	2000	POS
259	578.0260000000001	578.626	Spectrogram 1	1	20	2000	POS
260	581.0260000000001	581.326	Spectrogram 1	1	20	2000	POS
261	587.626	587.926	Spectrogram 1	1	20	2000	POS
262	607.126	607.426	Spectrogram 1	1	20	2000	POS
263	608.926	609.226	Spectrogram 1	1	20	2000	POS
264	611.326	611.626	Spectrogram 1	1	20	2000	POS
265	643.126	643.426	Spectrogram 1	1	20	2000	POS
266	647.626	647.926	Spectrogram 1	1	20	2000	POS
267	651.226	652.726	Spectrogram 1	1	20	2000	POS
268	660.226	660.5260000000001	Spectrogram 1	1	20	2000	POS
269	664.426	664.726	Spectrogram 1	1	20	2000	POS
270	665.0260000000001	666.5260000000001	Spectrogram 1	1	20	2000	POS
271	666.826	667.426	Spectrogram 1	1	20	2000	POS
272	668.926	669.226	Spectrogram 1	1	20	2000	POS
273	671.326	673.726	Spectrogram 1	1	20	2000	POS
274	674.626	675.5260000000001	Spectrogram 1	1	20	2000	POS
275	681.226	681.5260000000001	Spectrogram 1	1	20	2000	POS
276	687.226	687.5260000000001	Spectrogram 1	1	20	2000	POS
277	689.626	689.926	Spectrogram 1	1	20	2000	POS
278	692.0260000000001	692.626	Spectrogram 1	1	20	2000	POS
279	697.426	698.0260000000001	Spectrogram 1	1	20	2000	POS
280	698.926	699.226	Spectrogram 1	1	20	2000	POS
281	701.0260000000001	701.326	Spectrogram 1	1	20	2000	POS
282	702.5260000000001	702.826	Spectrogram 1	1	20	2000	POS
283	706.426	706.726	Spectrogram 1	1	20	2000	POS
284	707.0260000000001	707.326	Spectrogram 1	1	20	2000	POS
285	713.326	713.626	Spectrogram 1	1	20	2000	POS
286	715.126	715.426	Spectrogram 1	1	20	2000	POS
287	718.426	718.726	Spectrogram 1	1	20	2000	POS
288	719.326	719.626	Spectrogram 1	1	20	2000	POS
289	721.726	722.0260000000001	Spectrogram 1	1	20	2000	POS
290	741.226	742.426	Spectrogram 1	1	20	2000	POS
291	742.726	743.0260000000001	Spectrogram 1	1	20	2000	POS
292	745.426	745.726	Spectrogram 1	1	20	2000	POS
293	752.326	752.926	Spectrogram 1	1	20	2000	POS
294	753.226	753.5260000000001	Spectrogram 1	1	20	2000	POS
295	754.726	755.926	Spectrogram 1	1	20	2000	POS
296	757.426	757.726	Spectrogram 1	1	20	2000	POS
297	758.0260000000001	758.326	Spectrogram 1	1	20	2000	POS
298	759.226	759.5260000000001	Spectrogram 1	1	20	2000	POS
299	764.626	764.926	Spectrogram 1	1	20	2000	POS
300	768.5260000000001	769.426	Spectrogram 1	1	20	2000	POS
301	791.0260000000001	791.326	Spectrogram 1	1	20	2000	POS
302	792.826	793.426	Spectrogram 1	1	20	2000	POS
303	797.626	797.926	Spectrogram 1	1	20	2000	POS
304	800.626	800.926	Spectrogram 1	1	20	2000	POS
305	801.826	802.126	Spectrogram 1	1	20	2000	POS
306	811.126	811.426	Spectrogram 1	1	20	2000	POS
307	830.926	831.226	Spectrogram 1	1	20	2000	POS
308	845.626	845.926	Spectrogram 1	1	20	2000	POS
309	850.426	852.5260000000001	Spectrogram 1	1	20	2000	POS
310	852.826	853.426	Spectrogram 1	1	20	2000	POS
311	853.726	854.0260000000001	Spectrogram 1	1	20	2000	POS
312	860.326	860.626	Spectrogram 1	1	20	2000	POS
313	860.926	861.226	Spectrogram 1	1	20	2000	POS
314	862.426	862.726	Spectrogram 1	1	20	2000	POS
315	863.326	863.626	Spectrogram 1	1	20	2000	POS
316	887.626	887.926	Spectrogram 1	1	20	2000	POS
317	919.726	920.026	Spectrogram 1	1	20	2000	POS
318	926.926	927.226	Spectrogram 1	1	20	2000	POS
319	931.426	931.726	Spectrogram 1	1	20	2000	POS
320	958.726	959.026	Spectrogram 1	1	20	2000	POS
321	982.426	982.726	Spectrogram 1	1	20	2000	POS
322	987.826	988.126	Spectrogram 1	1	20	2000	POS
323	991.126	991.426	Spectrogram 1	1	20	2000	POS
324	993.826	994.126	Spectrogram 1	1	20	2000	POS
325	994.426	994.726	Spectrogram 1	1	20	2000	POS
326	1007.926	1008.226	Spectrogram 1	1	20	2000	POS
327	1013.626	1014.226	Spectrogram 1	1	20	2000	POS
328	1034.626	1034.926	Spectrogram 1	1	20	2000	POS
329	1037.926	1038.226	Spectrogram 1	1	20	2000	POS
330	1045.426	1045.726	Spectrogram 1	1	20	2000	POS
331	1046.626	1046.926	Spectrogram 1	1	20	2000	POS
332	1070.326	1070.926	Spectrogram 1	1	20	2000	POS
333	1085.626	1086.226	Spectrogram 1	1	20	2000	POS
334	1107.5259999999998	1107.8259999999998	Spectrogram 1	1	20	2000	POS
335	1120.726	1123.126	Spectrogram 1	1	20	2000	POS
336	1124.926	1125.226	Spectrogram 1	1	20	2000	POS
337	1129.726	1130.0259999999998	Spectrogram 1	1	20	2000	POS
338	1130.626	1130.926	Spectrogram 1	1	20	2000	POS
339	1147.426	1147.726	Spectrogram 1	1	20	2000	POS
340	1149.8259999999998	1150.126	Spectrogram 1	1	20	2000	POS
341	1153.426	1153.726	Spectrogram 1	1	20	2000	POS
342	1154.926	1155.226	Spectrogram 1	1	20	2000	POS
343	1169.926	1170.226	Spectrogram 1	1	20	2000	POS
