	Selection	View	Channel	Begin Time (s)	End Time (s)	Low Freq (Hz)	High Freq (Hz)	Type
0	1	Spectrogram 1	1	9.441475103	9.753552331	118.7	1060.7	UNK
1	2	Spectrogram 1	1	11.884811449	12.037044244	190.0	1219.0	UNK
2	3	Spectrogram 1	1	19.377706787	19.621279258	0.0	443.3	UNK
3	4	Spectrogram 1	1	20.801083413	21.090325722	0.0	395.8	UNK
4	5	Spectrogram 1	1	27.243572471	27.471921662	0.0	514.5	UNK
5	6	Spectrogram 1	1	37.82679353	37.994249604	0.0	633.2	UNK
6	7	Spectrogram 1	1	45.228349191	45.662212655	134.6	799.5	UNK
7	8	Spectrogram 1	1	47.717355376	47.945704567	150.4	783.6	UNK
8	9	Spectrogram 1	1	61.101659848	61.368067238	0.0	379.9	UNK
9	10	Spectrogram 1	1	73.111299397	73.255920552	617.4	1060.7	UNK
10	11	Spectrogram 1	1	83.656462258	85.300576435	95.0	949.8	UNK
11	12	Spectrogram 1	1	82.994249604	83.123647479	182.1	862.8	UNK
12	13	Spectrogram 1	1	100.255944101	100.417694477	641.1	1108.2	UNK
13	14	Spectrogram 1	1	123.860118915	123.955266195	197.9	886.5	UNK
14	15	Spectrogram 1	1	124.183619668	124.278766948	197.9	918.2	UNK
15	16	Spectrogram 1	1	127.579444854	127.665077406	269.1	807.4	UNK
16	17	Spectrogram 1	1	127.998092888	128.17887272	229.5	752.0	UNK
17	18	Spectrogram 1	1	152.353931216	152.506166865	166.2	886.5	UNK
18	19	Spectrogram 1	1	153.105594731	153.191227284	134.6	775.7	UNK
19	20	Spectrogram 1	1	166.947658579	167.366306613	0.0	379.9	UNK
20	21	Spectrogram 1	1	169.497605693	170.829667618	340.4	934.0	UNK
21	22	Spectrogram 1	1	176.927675567	177.060881759	174.1	649.1	UNK
22	23	Spectrogram 1	1	177.412926697	177.555647617	205.8	633.2	UNK
23	24	Spectrogram 1	1	182.0361518	182.331108369	0.0	530.3	UNK
24	25	Spectrogram 1	1	191.188387448	191.635579666	87.1	989.4	UNK
25	26	Spectrogram 1	1	197.372960672	197.515681593	213.7	728.2	UNK
26	27	Spectrogram 1	1	199.436723934	200.216931633	285.0	981.5	UNK
27	28	Spectrogram 1	1	223.059928203	223.212163852	205.8	870.7	UNK
28	29	Spectrogram 1	1	223.783047534	223.916253727	182.1	791.5	UNK
29	30	Spectrogram 1	1	224.981903267	225.191227284	174.1	815.3	UNK
30	31	Spectrogram 1	1	225.429095484	225.561368954	174.1	894.4	UNK
31	32	Spectrogram 1	1	243.827781339	243.97050226	395.8	1274.4	UNK
32	33	Spectrogram 1	1	257.803984102	258.68885381	285.0	815.3	UNK
33	34	Spectrogram 1	1	270.09514728	270.837296067	379.9	1084.4	UNK
34	35	Spectrogram 1	1	288.362492388	289.236914645	348.3	997.3	UNK
35	36	Spectrogram 1	1	294.184573224	294.355838329	118.7	696.6	UNK
36	37	Spectrogram 1	1	298.807798327	298.998092888	498.7	973.6	UNK
37	38	Spectrogram 1	1	311.632718998	311.81349883	498.7	839.0	UNK
38	39	Spectrogram 1	1	313.307311132	313.469061509	0.0	348.3	UNK
39	40	Spectrogram 1	1	324.932443348	325.06564954	577.8	1060.7	UNK
40	41	Spectrogram 1	1	330.993325107	331.145560756	166.2	688.6	UNK
41	42	Spectrogram 1	1	334.493812302	334.627018494	126.6	823.2	UNK
42	43	Spectrogram 1	1	349.431002597	349.735473894	126.6	870.7	UNK
43	44	Spectrogram 1	1	350.087518831	350.430049041	364.1	981.5	UNK
44	45	Spectrogram 1	1	350.82015289	350.972388539	182.1	783.6	UNK
45	46	Spectrogram 1	1	356.642233726	356.803984102	538.2	1923.4	UNK
46	47	Spectrogram 1	1	362.17887272	362.331108369	174.1	720.3	UNK
47	48	Spectrogram 1	1	388.179826277	388.313032469	110.8	554.1	UNK
48	49	Spectrogram 1	1	389.321593641	389.578491298	102.9	562.0	UNK
49	50	Spectrogram 1	1	389.911506779	390.292095901	71.2	601.6	UNK
50	51	Spectrogram 1	1	390.434816821	390.615596654	174.1	680.7	UNK
51	52	Spectrogram 1	1	390.786861759	391.062788872	15.8	728.2	UNK
52	53	Spectrogram 1	1	391.681246194	391.938143851	63.3	791.5	UNK
53	54	Spectrogram 1	1	392.651748454	392.918160839	87.1	688.6	UNK
54	55	Spectrogram 1	1	393.964780923	394.212163852	71.2	657.0	UNK
55	56	Spectrogram 1	1	399.406272637	399.53947883	213.7	554.1	UNK
56	57	Spectrogram 1	1	419.851557743	420.479529793	7.9	1060.7	UNK
57	58	Spectrogram 1	1	422.82015289	423.019962179	142.5	775.7	UNK
58	59	Spectrogram 1	1	425.264505273	425.454799833	110.8	569.9	UNK
59	60	Spectrogram 1	1	435.273066445	435.444331549	142.5	854.9	UNK
60	61	Spectrogram 1	1	438.841089458	439.031384019	506.6	1899.7	UNK
61	62	Spectrogram 1	1	443.017122344	443.159843264	269.1	593.7	UNK
62	63	Spectrogram 1	1	452.787815315	452.968595147	0.0	427.4	UNK
63	64	Spectrogram 1	1	457.307311132	457.497605693	498.7	831.1	UNK
64	65	Spectrogram 1	1	459.999046444	460.11322318	158.3	791.5	UNK
65	66	Spectrogram 1	1	461.825874227	462.510934646	182.1	1060.7	UNK
66	67	Spectrogram 1	1	481.985717491	482.309218245	688.6	1187.3	UNK
67	68	Spectrogram 1	1	487.55090067	487.722165775	245.4	688.6	UNK
68	69	Spectrogram 1	1	494.658402513	496.398665021	166.2	854.9	UNK
69	70	Spectrogram 1	1	498.19694862	498.349184269	182.1	712.4	UNK
70	71	Spectrogram 1	1	499.376774897	499.595613642	324.5	775.7	UNK
71	72	Spectrogram 1	1	499.966688035	500.147467868	0.0	300.8	UNK
72	73	Spectrogram 1	1	507.254036989	507.387243181	569.9	949.8	UNK
73	74	Spectrogram 1	1	516.330154813	516.387243181	221.6	886.5	UNK
74	75	Spectrogram 1	1	518.033291131	518.176012052	23.7	277.0	UNK
75	76	Spectrogram 1	1	534.349184269	534.482390461	7.9	562.0	UNK
76	77	Spectrogram 1	1	534.644140838	534.796376487	379.9	815.3	UNK
77	78	Spectrogram 1	1	538.526149877	538.697414982	403.7	1005.3	UNK
78	79	Spectrogram 1	1	539.353931216	539.563255233	316.6	1029.0	UNK
79	80	Spectrogram 1	1	539.097033559	539.220725024	427.4	934.0	UNK
80	81	Spectrogram 1	1	540.514728037	540.733566782	379.9	1060.7	UNK
81	82	Spectrogram 1	1	540.818266611	540.999046444	617.4	981.5	UNK
82	83	Spectrogram 1	1	545.556601173	545.727866278	506.6	941.9	UNK
83	84	Spectrogram 1	1	557.744035066	558.172197827	0.0	815.3	UNK
84	85	Spectrogram 1	1	559.351091381	559.636533222	47.5	372.0	UNK
85	86	Spectrogram 1	1	577.313032469	577.436723934	79.2	585.7	UNK
86	87	Spectrogram 1	1	582.726912722	582.983810379	197.9	973.6	UNK
87	88	Spectrogram 1	1	587.873447867	588.035198244	55.4	791.5	UNK
88	89	Spectrogram 1	1	594.913413892	595.132252636	0.0	379.9	UNK
89	90	Spectrogram 1	1	604.627018494	604.788768871	102.9	728.2	UNK
90	91	Spectrogram 1	1	612.475736402	613.0180759	0.0	379.9	E
91	92	Spectrogram 1	1	622.265458829	622.398665021	292.9	997.3	UNK
92	93	Spectrogram 1	1	638.753549794	639.219771468	0.0	1100.2	UNK
93	94	Spectrogram 1	1	637.069442931	637.193134396	213.7	775.7	UNK
94	95	Spectrogram 1	1	644.109408956	645.603221258	387.9	1250.6	UNK
95	96	Spectrogram 1	1	656.353931216	656.639373057	182.1	759.9	UNK
96	97	Spectrogram 1	1	659.302564185	659.511888202	300.8	949.8	UNK
97	98	Spectrogram 1	1	661.367260169	661.538525274	459.1	926.1	UNK
98	99	Spectrogram 1	1	662.727866278	662.918160839	348.3	1100.2	UNK
99	100	Spectrogram 1	1	666.342530209	666.542339498	15.8	538.2	UNK
100	101	Spectrogram 1	1	672.584191801	674.86772653	435.3	1187.3	UNK
101	102	Spectrogram 1	1	678.235007533	678.368213725	174.1	649.1	UNK
102	103	Spectrogram 1	1	682.554694061	682.783047534	0.0	435.3	UNK
103	104	Spectrogram 1	1	686.055181256	687.777347031	142.5	1139.8	UNK
104	105	Spectrogram 1	1	688.890570211	691.26925222	197.9	577.8	UNK
105	106	Spectrogram 1	1	691.897224271	693.267345108	245.4	1013.2	UNK
106	107	Spectrogram 1	1	697.833481843	698.442424437	403.7	1068.6	UNK
107	108	Spectrogram 1	1	701.353931216	703.493812302	205.8	1076.5	UNK
108	109	Spectrogram 1	1	703.864886695	704.074210712	197.9	1092.3	UNK
109	110	Spectrogram 1	1	714.653655566	715.329201257	221.6	554.1	UNK
110	111	Spectrogram 1	1	716.708836822	716.851557743	387.9	1052.7	UNK
111	112	Spectrogram 1	1	721.55090067	721.703136319	300.8	1029.0	UNK
112	113	Spectrogram 1	1	727.678385526	727.868680086	190.0	807.4	UNK
113	114	Spectrogram 1	1	739.446238662	739.731680503	324.5	1258.5	UNK
114	115	Spectrogram 1	1	743.385336069	743.746895734	0.0	752.0	UNK
115	116	Spectrogram 1	1	744.241661592	744.498559249	0.0	704.5	UNK
116	117	Spectrogram 1	1	745.668870798	746.001886279	0.0	688.6	UNK
117	118	Spectrogram 1	1	747.115109459	747.429095484	0.0	482.8	UNK
118	119	Spectrogram 1	1	753.622250714	753.755456906	190.0	1345.6	UNK
119	120	Spectrogram 1	1	756.115109459	756.25783038	364.1	1139.8	UNK
120	121	Spectrogram 1	1	757.103708452	757.274973557	87.1	886.5	UNK
121	122	Spectrogram 1	1	770.318732973	772.450032053	229.5	1250.6	UNK
122	123	Spectrogram 1	1	774.429095484	774.514728037	332.4	1068.6	UNK
123	124	Spectrogram 1	1	774.932443348	775.236914645	324.5	1060.7	UNK
124	125	Spectrogram 1	1	775.902945607	776.08372544	277.0	1068.6	UNK
125	126	Spectrogram 1	1	777.415787365	779.033291131	269.1	1329.8	UNK
126	127	Spectrogram 1	1	788.784954646	788.927675567	356.2	870.7	UNK
127	128	Spectrogram 1	1	799.145560756	799.944797911	221.6	1266.5	UNK
128	129	Spectrogram 1	1	801.951472804	802.11322318	0.0	435.3	UNK
129	130	Spectrogram 1	1	810.989531716	811.246429373	158.3	1662.2	UNK
130	131	Spectrogram 1	1	822.996185775	823.272112889	633.2	1274.4	UNK
131	132	Spectrogram 1	1	845.449078497	845.77257925	158.3	997.3	UNK
132	133	Spectrogram 1	1	846.123691464	846.39010385	229.5	949.8	UNK
133	134	Spectrogram 1	1	854.953359083	855.200742012	134.6	522.4	UNK
134	135	Spectrogram 1	1	857.169357992	857.426255649	0.0	364.1	UNK
135	136	Spectrogram 1	1	862.821106446	862.973342095	0.0	277.0	UNK
136	137	Spectrogram 1	1	876.044712972	876.168404436	142.5	839.0	UNK
137	138	Spectrogram 1	1	895.55755473	895.719305106	237.5	926.1	UNK
138	139	Spectrogram 1	1	896.385336069	896.537571717	245.4	965.7	UNK
139	140	Spectrogram 1	1	897.78400109	897.898177827	158.3	862.8	UNK
140	141	Spectrogram 1	1	898.497605693	901.760224687	158.3	1013.2	UNK
141	142	Spectrogram 1	1	904.947658579	907.155075484	102.9	997.3	UNK
142	143	Spectrogram 1	1	908.344416488	908.515681593	126.6	791.5	UNK
143	144	Spectrogram 1	1	910.921975063	912.606081926	174.1	926.1	UNK
144	145	Spectrogram 1	1	930.016168788	931.005700503	300.8	1060.7	UNK
145	146	Spectrogram 1	1	933.584191801	933.698368538	459.1	1013.2	UNK
146	147	Spectrogram 1	1	946.826827783	947.007607616	205.8	839.0	UNK
147	148	Spectrogram 1	1	947.492858746	948.701229206	190.0	815.3	UNK
148	149	Spectrogram 1	1	954.029476907	954.419580756	95.0	815.3	UNK
149	150	Spectrogram 1	1	955.627018494	957.510934646	150.4	1124.0	UNK
150	151	Spectrogram 1	1	959.528056989	961.65935607	166.2	1044.8	UNK
151	152	Spectrogram 1	1	977.118923684	977.261644604	522.4	1092.3	UNK
152	153	Spectrogram 1	1	983.321593641	983.492858746	110.8	902.4	UNK
153	154	Spectrogram 1	1	992.435770377	992.588006026	372.0	1108.2	UNK
154	155	Spectrogram 1	1	996.964780923	997.107501843	332.4	981.5	UNK
155	156	Spectrogram 1	1	1000.16079682	1000.313032469	277.0	767.8	UNK
156	157	Spectrogram 1	1	1004.784954646	1004.861072471	419.5	926.1	UNK
157	158	Spectrogram 1	1	1009.389150293	1009.560415398	285.0	941.9	UNK
158	159	Spectrogram 1	1	1010.140813808	1010.274020001	364.1	1013.2	UNK
159	160	Spectrogram 1	1	1019.264505273	1019.445285105	300.8	696.6	UNK
160	161	Spectrogram 1	1	1022.499512805	1022.661263182	261.2	957.8	UNK
161	162	Spectrogram 1	1	1024.440517325	1024.630811886	205.8	744.0	UNK
162	163	Spectrogram 1	1	1036.179826277	1036.303517741	593.7	1076.5	UNK
163	164	Spectrogram 1	1	1042.526149877	1042.744988622	261.2	941.9	UNK
164	165	Spectrogram 1	1	1043.249269208	1043.401504856	498.7	831.1	UNK
165	166	Spectrogram 1	1	1049.76592519	1049.899131383	158.3	664.9	UNK
166	167	Spectrogram 1	1	1072.484297574	1072.712651047	197.9	997.3	UNK
167	168	Spectrogram 1	1	1083.330154813	1083.482390461	324.5	1076.5	UNK
168	169	Spectrogram 1	1	1094.57563063	1094.737381006	229.5	1226.9	UNK
169	170	Spectrogram 1	1	1107.514728037	1107.628904773	126.6	791.5	UNK
170	171	Spectrogram 1	1	1108.712651047	1109.112269624	0.0	783.6	UNK
171	172	Spectrogram 1	1	1113.222632136	1113.365353057	197.9	664.9	UNK
172	173	Spectrogram 1	1	1118.730726947	1119.187433892	0.0	759.9	UNK
173	174	Spectrogram 1	1	1120.186480336	1120.509981089	0.0	759.9	UNK
174	175	Spectrogram 1	1	1123.288281676	1123.668870798	0.0	728.2	UNK
175	176	Spectrogram 1	1	1119.425302093	1119.739288118	0.0	744.0	UNK
176	177	Spectrogram 1	1	1118.492858746	1118.607035482	0.0	759.9	UNK
177	178	Spectrogram 1	1	1140.850604186	1140.955266195	102.9	649.1	UNK
178	179	Spectrogram 1	1	1145.835388955	1146.00665406	680.7	1503.9	UNK
179	180	Spectrogram 1	1	1147.928629123	1148.71835155	205.8	1076.5	UNK
180	181	Spectrogram 1	1	1167.546132889	1167.669824354	261.2	839.0	UNK
181	182	Spectrogram 1	1	1169.791608706	1169.934329627	0.0	324.5	UNK
182	183	Spectrogram 1	1	1170.171265105	1170.399618578	0.0	577.8	UNK
183	184	Spectrogram 1	1	0.0	1199.486182842	0.0	482.8	UNK
